0	0.15538
1	0.195246
2	0.242517
3	0.297864
4	0.361872
5	0.435018
6	0.517638
7	0.609905
8	0.711813
9	0.823157
10	0.943521
11	1.07227
12	1.20855
13	1.35129
14	1.4992
15	1.65079
16	1.8044
17	1.95826
18	2.11046
19	2.25909
20	2.40223
21	2.53805
22	2.66486
23	2.78114
24	2.88561
25	2.97723
26	3.05521
27	3.119
28	3.16828
29	3.2029
30	3.22285
31	3.22829
32	3.21949
33	3.19695
34	3.16142
35	3.1141
36	3.05678
37	2.99214
38	2.92403
39	2.85777
40	2.80059
41	2.76194
42	2.75387
43	2.79133
44	2.8924
45	3.07833
46	3.37352
47	3.80508
48	4.40223
49	5.19524
50	6.21406
51	7.4865
52	9.03609
53	10.8797
54	13.0248
55	15.4674
56	18.1895
57	21.1575
58	24.3217
59	27.6163
60	30.9611
61	34.2639
62	37.4247
63	40.3402
64	42.91
65	45.0417
66	46.6567
67	47.6955
68	48.1208
69	47.9201
70	47.1062
71	45.7163
72	43.8087
73	41.4594
74	38.7569
75	35.7965
76	32.6752
77	29.4867
78	26.3169
79	23.2407
80	20.32
81	17.6025
82	15.1219
83	12.8984
84	10.9408
85	9.24748
86	7.80934
87	6.61121
88	5.6339
89	4.85578
90	4.25402
91	3.8056
92	3.48798
93	3.27957
94	3.16003
95	3.11045
96	3.11352
97	3.15356
98	3.21667
99	3.29075
100	3.3656
101	3.43289
102	3.48619
103	3.52087
104	3.53392
105	3.52381
106	3.49018
107	3.43366
108	3.35554
109	3.25758
110	3.14184
111	3.01054
112	2.86602
113	2.71073
114	2.54724
115	2.37836
116	2.20708
117	2.03669
118	1.87072
119	1.71288
120	1.56693
121	1.43656
122	1.32519
123	1.23574
124	1.17044
125	1.13066
126	1.11675
127	1.12794
128	1.16232
129	1.21684
130	1.28748
131	1.36936
132	1.45705
133	1.54482
134	1.62697
135	1.69819
136	1.75385
137	1.79031
138	1.80512
139	1.79719
140	1.76682
141	1.71569
142	1.64676
143	1.56408
144	1.47254
145	1.37764
146	1.28519
147	1.20101
148	1.13067
149	1.07927
150	1.05116
151	1.04978
152	1.07744
153	1.1352
154	1.22274
155	1.33829
156	1.47859
157	1.63896
158	1.81341
159	1.99488
160	2.17553
161	2.34711
162	2.50145
163	2.63089
164	2.72878
165	2.7899
166	2.81076
167	2.78986
168	2.72772
169	2.62685
170	2.49149
171	2.32731
172	2.14095
173	1.93958
174	1.73043
175	1.52035
176	1.31543
177	1.12082
178	0.940461
179	0.777118
180	0.632374
181	0.506762
182	0.399926
183	0.310816
184	0.23789
185	0.179309
186	0.133102
187	0.0973037
188	0.0700547
189	0.0496723
190	0.0346868
191	0.0238558
192	0.0161589
193	0.01078
194	0.00708315
195	0.00458398
196	0.00292197
197	0.00183457
198	0.00113457
199	0.000691159
200	0.000414751
201	0.000245173
202	0.000142775
203	8.19101e-05
204	4.62969e-05
205	2.57818e-05
206	1.41463e-05
207	7.64828e-06
208	4.07475e-06
209	2.13935e-06
210	1.10696e-06
211	5.64526e-07
212	2.83772e-07
213	1.40611e-07
214	6.86866e-08
215	3.30797e-08
216	1.57082e-08
217	7.35534e-09
218	3.39651e-09
219	1.54687e-09
220	6.94878e-10
221	3.07917e-10
222	1.34607e-10
223	5.8056e-11
224	2.47063e-11
225	1.03748e-11
226	4.2993e-12
227	1.75826e-12
228	7.09675e-13
229	2.82718e-13
230	1.11182e-13
231	4.32066e-14
232	1.67152e-14
233	6.77895e-15
234	3.78972e-15
235	4.79984e-15
236	1.07989e-14
237	2.75844e-14
238	7.08969e-14
239	1.79945e-13
240	4.49847e-13
241	1.10726e-12
242	2.68332e-12
243	6.40221e-12
244	1.50391e-11
245	3.47816e-11
246	7.91976e-11
247	1.77545e-10
248	3.91871e-10
249	8.51553e-10
250	1.82187e-09
251	3.83758e-09
252	7.95856e-09
253	1.62498e-08
254	3.26662e-08
255	6.46528e-08
256	1.25983e-07
257	2.41699e-07
258	4.56536e-07
259	8.4901e-07
260	1.5545e-06
261	2.80223e-06
262	4.97345e-06
263	8.6906e-06
264	1.49514e-05
265	2.53252e-05
266	4.2234e-05
267	6.93447e-05
268	0.000112099
269	0.000178416
270	0.00027958
271	0.000431338
272	0.000655196
273	0.000979864
274	0.00144279
275	0.00209161
276	0.00298539
277	0.00419531
278	0.00580456
279	0.00790711
280	0.010605
281	0.0140037
282	0.0182064
283	0.0233048
284	0.0293706
285	0.0364439
286	0.0445227
287	0.0535529
288	0.0634205
289	0.0739473
290	0.0848908
291	0.0959501
292	0.106777
293	0.116992
294	0.126206
295	0.134046
296	0.140176
297	0.144325
298	0.146304
299	0.146023
300	0.143495
301	0.138835
302	0.132255
303	0.124043
304	0.114547
305	0.104147
306	0.0932307
307	0.0821717
308	0.0713078
309	0.060926
310	0.0512531
311	0.0424512
312	0.0346188
313	0.0277963
314	0.0219742
315	0.0171039
316	0.0131077
317	0.00989044
318	0.0073478
319	0.00537469
320	0.00387083
321	0.00274479
322	0.00191633
323	0.00131731
324	0.000891576
325	0.000594136
326	0.000389825
327	0.000251832
328	0.00016018
329	0.000100314
330	6.1855e-05
331	3.75529e-05
332	2.24477e-05
333	1.32116e-05
334	7.65598e-06
335	4.36821e-06
336	2.45394e-06
337	1.35733e-06
338	7.39206e-07
339	3.96374e-07
340	2.09269e-07
341	1.08784e-07
342	5.56781e-08
343	2.80585e-08
344	1.39221e-08
345	6.80156e-09
346	3.27169e-09
347	1.54952e-09
348	7.22576e-10
349	3.31766e-10
350	1.49983e-10
351	6.67599e-11
352	2.92584e-11
353	1.26255e-11
354	5.36425e-12
355	2.24405e-12
356	9.24312e-13
357	3.7486e-13
358	1.49686e-13
359	5.88516e-14
360	2.27824e-14
361	8.68366e-15
362	3.2589e-15
363	1.20421e-15
364	4.38127e-16
365	1.5695e-16
366	5.53587e-17
367	1.92254e-17
368	6.57399e-18
369	2.21334e-18
370	7.33722e-19
371	2.39486e-19
372	7.6965e-20
373	2.4354e-20
374	7.58777e-21
375	2.32767e-21
376	7.03065e-22
377	2.0909e-22
378	6.12261e-23
379	1.76524e-23
380	5.01116e-24
381	1.40067e-24
382	3.85478e-25
383	1.04455e-25
384	2.7869e-26
385	7.32116e-27
386	1.89366e-27
387	4.82271e-28
388	1.20933e-28
389	2.98581e-29
390	7.25845e-30
391	1.73736e-30
392	4.09451e-31
393	9.50119e-32
394	2.17079e-32
395	4.8834e-33
396	1.08166e-33
397	2.35897e-34
398	5.06546e-35
399	1.07097e-35
400	2.22947e-36
401	4.56971e-37
402	9.22228e-38
403	1.83253e-38
404	3.58531e-39
405	6.90661e-40
406	1.30998e-40
407	2.44641e-41
408	4.49836e-42
409	8.14406e-43
410	1.45174e-43
411	2.548e-44
412	4.40322e-45
413	7.49209e-46
414	1.25515e-46
415	2.07038e-47
416	3.36251e-48
417	5.37697e-49
418	8.46586e-50
419	1.31239e-50
420	2.00316e-51
421	3.01043e-52
422	4.45449e-53
423	6.48972e-54
424	9.30921e-55
425	1.31479e-55
426	1.82835e-56
427	2.50333e-57
428	3.37469e-58
429	4.47926e-59
430	5.85376e-60
431	7.53217e-61
432	9.54246e-62
433	1.1903e-62
434	1.46187e-63
435	1.76772e-64
436	2.10462e-65
437	2.4671e-66
438	2.84745e-67
439	3.23576e-68
440	3.62036e-69
441	3.98821e-70
442	4.32572e-71
443	4.61944e-72
444	4.85705e-73
445	5.02814e-74
446	5.12499e-75
447	5.14316e-76
448	5.08179e-77
449	4.94372e-78
450	4.73522e-79
451	4.46556e-80
452	4.1463e-81
453	3.79048e-82
454	3.41173e-83
455	3.02346e-84
456	2.63804e-85
457	2.26624e-86
458	1.9168e-87
459	1.59623e-88
460	1.30876e-89
461	1.0565e-90
462	8.39699e-92
463	6.57089e-93
464	5.06255e-94
465	3.84024e-95
466	2.86809e-96
467	2.10897e-97
468	1.52683e-98
469	1.08832e-99
470	7.63768e-101
471	5.27729e-102
472	3.59006e-103
473	2.40456e-104
474	1.58566e-105
475	1.0295e-106
476	6.58085e-108
477	4.1417e-109
478	2.56635e-110
479	1.56564e-111
480	9.40392e-113
481	5.56114e-114
482	3.23786e-115
483	1.85606e-116
484	1.04752e-117
485	5.82065e-119
486	3.18433e-120
487	1.71515e-121
488	9.09543e-123
489	4.74877e-124
490	2.44104e-125
491	1.23539e-126
492	6.15562e-128
493	3.01977e-129
494	1.45851e-130
495	6.93557e-132
496	3.24705e-133
497	1.49668e-134
498	6.79212e-136
499	3.03469e-137
500	1.33493e-138
501	5.7814e-140
502	2.46514e-141
503	1.03487e-142
504	4.27719e-144
505	1.74047e-145
506	6.97276e-147
507	2.75027e-148
508	1.06802e-149
509	4.0833e-151
510	1.53701e-152
511	5.69601e-154
512	2.07825e-155
513	7.4654e-157
514	2.64022e-158
515	9.19297e-160
516	3.15139e-161
517	1.0636e-162
518	3.53412e-164
519	1.15615e-165
520	3.72373e-167
521	1.18078e-168
522	3.68628e-170
523	1.13301e-171
524	3.42855e-173
525	1.02144e-174
526	2.99602e-176
527	8.65171e-178
528	2.45973e-179
529	6.88492e-181
530	1.89731e-182
531	5.14758e-184
532	1.37497e-185
533	3.61587e-187
534	9.36173e-189
535	2.38631e-190
536	5.98854e-192
537	1.47959e-193
538	3.59905e-195
539	8.61905e-197
540	2.03215e-198
541	4.71712e-200
542	1.07801e-201
543	2.42545e-203
544	5.37263e-205
545	1.17167e-206
546	2.51564e-208
547	5.31758e-210
548	1.10664e-211
549	2.26735e-213
550	4.57357e-215
551	9.08272e-217
552	1.77582e-218
553	3.41827e-220
554	6.47792e-222
555	1.20861e-223
556	2.22005e-225
557	4.01476e-227
558	7.14791e-229
559	1.25291e-230
560	2.16214e-232
561	3.67342e-234
562	6.14437e-236
563	1.01183e-237
564	1.64043e-239
565	2.61836e-241
566	4.11456e-243
567	6.36559e-245
568	9.69559e-247
569	1.45389e-248
570	2.14639e-250
571	3.11967e-252
572	4.46403e-254
573	6.2888e-256
574	8.72224e-258
575	1.19099e-259
576	1.60107e-261
577	2.119e-263
578	2.76104e-265
579	3.54189e-267
580	4.47318e-269
581	5.56182e-271
582	6.80829e-273
583	8.20501e-275
584	9.73507e-277
585	1.13715e-278
586	1.30773e-280
587	1.48059e-282
588	1.65034e-284
589	1.81105e-286
590	1.95662e-288
591	2.08114e-290
592	2.17929e-292
593	2.24671e-294
594	2.28033e-296
595	2.27861e-298
596	2.333e-300
597	9.46455e-300
598	9.60318e-298
599	9.61493e-296
600	9.47756e-294
601	9.19743e-292
602	8.78731e-290
603	8.26542e-288
604	7.65409e-286
605	6.97817e-284
606	6.26339e-282
607	5.53473e-280
608	4.81509e-278
609	4.12412e-276
610	3.47759e-274
611	2.88699e-272
612	2.35957e-270
613	1.89863e-268
614	1.50407e-266
615	1.17305e-264
616	9.00712e-263
617	6.80887e-261
618	5.0674e-259
619	3.71292e-257
620	2.67835e-255
621	1.90212e-253
622	1.32994e-251
623	9.15474e-250
624	6.20413e-248
625	4.1394e-246
626	2.71904e-244
627	1.75839e-242
628	1.11953e-240
629	7.0174e-239
630	4.33052e-237
631	2.63102e-235
632	1.57374e-233
633	9.26746e-232
634	5.37294e-230
635	3.06679e-228
636	1.72337e-226
637	9.53448e-225
638	5.19322e-223
639	2.78483e-221
640	1.47022e-219
641	7.64172e-218
642	3.9104e-216
643	1.97004e-214
644	9.77126e-213
645	4.77144e-211
646	2.29388e-209
647	1.08572e-207
648	5.05925e-206
649	2.32102e-204
650	1.04832e-202
651	4.66159e-201
652	2.04078e-199
653	8.79599e-198
654	3.73247e-196
655	1.55931e-194
656	6.41344e-193
657	2.59702e-191
658	1.03534e-189
659	4.06366e-188
660	1.57027e-186
661	5.97389e-185
662	2.23751e-183
663	8.25083e-182
664	2.99541e-180
665	1.07063e-178
666	3.76745e-177
667	1.30521e-175
668	4.45186e-174
669	1.49495e-172
670	4.9424e-171
671	1.6087e-169
672	5.15512e-168
673	1.62641e-166
674	5.05179e-165
675	1.54486e-163
676	4.65112e-162
677	1.37865e-160
678	4.02324e-159
679	1.15592e-157
680	3.26967e-156
681	9.1056e-155
682	2.49655e-153
683	6.73907e-152
684	1.79097e-150
685	4.686e-149
686	1.20711e-147
687	3.06137e-146
688	7.64392e-145
689	1.87907e-143
690	4.54778e-142
691	1.08364e-140
692	2.54213e-139
693	5.87139e-138
694	1.3351e-136
695	2.98891e-135
696	6.58784e-134
697	1.42956e-132
698	3.05416e-131
699	6.42407e-130
700	1.33033e-128
701	2.7123e-127
702	5.44435e-126
703	1.07593e-124
704	2.09341e-123
705	4.01009e-122
706	7.56284e-121
707	1.40426e-119
708	2.56708e-118
709	4.62022e-117
710	8.18686e-116
711	1.42825e-114
712	2.45313e-113
713	4.1483e-112
714	6.9064e-111
715	1.13205e-109
716	1.82688e-108
717	2.9026e-107
718	4.54043e-106
719	6.9926e-105
720	1.06026e-103
721	1.58278e-102
722	2.32628e-101
723	3.36616e-100
724	4.79558e-99
725	6.72637e-98
726	9.28868e-97
727	1.26288e-95
728	1.69045e-94
729	2.2278e-93
730	2.89057e-92
731	3.69255e-91
732	4.64411e-90
733	5.7506e-89
734	7.01065e-88
735	8.41468e-87
736	9.9438e-86
737	1.15692e-84
738	1.32521e-83
739	1.49453e-82
740	1.65943e-81
741	1.81405e-80
742	1.95242e-79
743	2.06888e-78
744	2.1584e-77
745	2.21699e-76
746	2.24198e-75
747	2.23221e-74
748	2.18814e-73
749	2.11179e-72
750	2.00661e-71
751	1.87721e-70
752	1.72901e-69
753	1.56791e-68
754	1.39984e-67
755	1.23048e-66
756	1.0649e-65
757	9.07354e-65
758	7.61173e-64
759	6.28676e-63
760	5.1122e-62
761	4.09285e-61
762	3.22613e-60
763	2.50366e-59
764	1.91296e-58
765	1.43905e-57
766	1.06581e-56
767	7.77188e-56
768	5.57966e-55
769	3.94392e-54
770	2.74465e-53
771	1.88054e-52
772	1.26858e-51
773	8.42539e-51
774	5.50936e-50
775	3.54691e-49
776	2.24822e-48
777	1.40302e-47
778	8.62045e-47
779	5.21475e-46
780	3.10581e-45
781	1.82119e-44
782	1.05142e-43
783	5.97632e-43
784	3.3445e-42
785	1.84275e-41
786	9.99635e-41
787	5.33894e-40
788	2.80742e-39
789	1.45345e-38
790	7.40849e-38
791	3.71791e-37
792	1.83699e-36
793	8.93624e-36
794	4.27998e-35
795	2.01821e-34
796	9.36982e-34
797	4.28287e-33
798	1.92743e-32
799	8.54003e-32
800	3.72546e-31
801	1.60007e-30
802	6.7661e-30
803	2.81693e-29
804	1.15466e-28
805	4.65982e-28
806	1.8515e-27
807	7.243e-27
808	2.78966e-26
809	1.05785e-25
810	3.94943e-25
811	1.45172e-24
812	5.25379e-24
813	1.87197e-23
814	6.56699e-23
815	2.26815e-22
816	7.71285e-22
817	2.58224e-21
818	8.51174e-21
819	2.76235e-20
820	8.82626e-20
821	2.7766e-19
822	8.59981e-19
823	2.62242e-18
824	7.87326e-18
825	2.32726e-17
826	6.77288e-17
827	1.94062e-16
828	5.47452e-16
829	1.52051e-15
830	4.15786e-15
831	1.11941e-14
832	2.9672e-14
833	7.74357e-14
834	1.98964e-13
835	5.03321e-13
836	1.25358e-12
837	3.07396e-12
838	7.42133e-12
839	1.76402e-11
840	4.1282e-11
841	9.51166e-11
842	2.15769e-10
843	4.81902e-10
844	1.05966e-09
845	2.29409e-09
846	4.88981e-09
847	1.02615e-08
848	2.12015e-08
849	4.31279e-08
850	8.63749e-08
851	1.70316e-07
852	3.30642e-07
853	6.31973e-07
854	1.18926e-06
855	2.20339e-06
856	4.01924e-06
857	7.21828e-06
858	1.27633e-05
859	2.22192e-05
860	3.80833e-05
861	6.42657e-05
862	0.000106774
863	0.000174659
864	0.000281293
865	0.000446038
866	0.000696353
867	0.00107037
868	0.0016199
869	0.00241378
870	0.00354131
871	0.00511554
872	0.0072759
873	0.0101896
874	0.0140511
875	0.0190792
876	0.0255103
877	0.0335887
878	0.0435526
879	0.0556159
880	0.0699485
881	0.0866534
882	0.105746
883	0.127133
884	0.150604
885	0.175819
886	0.20232
887	0.229539
888	0.25683
889	0.283499
890	0.30885
891	0.332225
892	0.353051
893	0.370871
894	0.385369
895	0.396385
896	0.403906
897	0.408052
898	0.409042
899	0.407164
900	0.402728
901	0.396038
902	0.387359
903	0.376901
904	0.364816
905	0.351205
906	0.336134
907	0.319656
908	0.30184
909	0.282792
910	0.26267
911	0.241692
912	0.220136
913	0.198331
914	0.176635
915	0.155417
916	0.135031
917	0.115794
918	0.0979705
919	0.0817552
920	0.0672711
921	0.0545674
922	0.0436261
923	0.0343714
924	0.0266826
925	0.0204075
926	0.0153759
927	0.0114117
928	0.00834242
929	0.00600674
930	0.00425965
931	0.00297496
932	0.0020462
933	0.00138599
934	0.000924511
935	0.000607286
936	0.000392824
937	0.000250219
938	0.000156947
939	9.69383e-05
940	5.89577e-05
941	3.5309e-05
942	2.08223e-05
943	1.20911e-05
944	6.91341e-06
945	3.89234e-06
946	2.15784e-06
947	1.17795e-06
948	6.33259e-07
949	3.35415e-07
950	1.75372e-07
951	9.12211e-08
952	4.86686e-08
953	2.95149e-08
954	2.51864e-08
955	3.35149e-08
956	5.7811e-08
957	1.07905e-07
958	2.03378e-07
959	3.79784e-07
960	6.99304e-07
961	1.2682e-06
962	2.26454e-06
963	3.98119e-06
964	6.89095e-06
965	1.17429e-05
966	1.97017e-05
967	3.25434e-05
968	5.29239e-05
969	8.47367e-05
970	0.000133574
971	0.000207302
972	0.000316749
973	0.000476494
974	0.000705717
975	0.00102904
976	0.0014773
977	0.00208801
978	0.00290554
979	0.00398063
980	0.00536917
981	0.00713006
982	0.009322
983	0.0119993
984	0.0152066
985	0.0189731
986	0.0233064
987	0.0281866
988	0.0335613
989	0.0393429
990	0.045407
991	0.0515953
992	0.05772
993	0.0635731
994	0.0689365
995	0.0735962
996	0.0773555
997	0.0800491
998	0.0815551
999	0.0818042
1000	0.0807847
1001	0.0785439
1002	0.075184
1003	0.0708545
1004	0.0657413
1005	0.0600536
1006	0.0540093
1007	0.0478219
1008	0.0416883
1009	0.0357793
1010	0.0302327
1011	0.0251508
1012	0.0205994
1013	0.0166107
1014	0.013187
1015	0.0103071
1016	0.00793148
1017	0.00600898
1018	0.00448204
1019	0.00329139
1020	0.00237963
1021	0.00169383
1022	0.00118702
1023	0.000818981
1024	0.000556311
1025	0.00037204
1026	0.000244957
1027	0.000158788
1028	0.000101338
1029	6.36731e-05
1030	3.93883e-05
1031	2.39886e-05
1032	1.43837e-05
1033	8.49112e-06
1034	4.93499e-06
1035	2.8238e-06
1036	1.59078e-06
1037	8.82291e-07
1038	4.81772e-07
1039	2.58999e-07
1040	1.37082e-07
1041	7.14319e-08
1042	3.66462e-08
1043	1.85094e-08
1044	9.20416e-09
1045	4.50611e-09
1046	2.17193e-09
1047	1.03066e-09
1048	4.81517e-10
1049	2.2148e-10
1050	1.00296e-10
1051	4.47156e-11
1052	1.96273e-11
1053	8.48181e-12
1054	3.60863e-12
1055	1.51155e-12
1056	6.23342e-13
1057	2.5308e-13
1058	1.01161e-13
1059	3.98103e-14
1060	1.54242e-14
1061	5.88351e-15
1062	2.20951e-15
1063	8.16919e-16
1064	2.97364e-16
1065	1.06567e-16
1066	3.75994e-17
1067	1.30607e-17
1068	4.46658e-18
1069	1.50387e-18
1070	4.98503e-19
1071	1.62687e-19
1072	5.22709e-20
1073	1.65346e-20
1074	5.14932e-21
1075	1.57882e-21
1076	4.76583e-22
1077	1.41634e-22
1078	4.14404e-23
1079	1.19372e-23
1080	3.38537e-24
1081	9.4522e-25
1082	2.59827e-25
1083	7.03168e-26
1084	1.87352e-26
1085	4.91451e-27
1086	1.26919e-27
1087	3.22698e-28
1088	8.07775e-29
1089	1.99071e-29
1090	4.83e-30
1091	1.15375e-30
1092	2.7133e-31
1093	6.28215e-32
1094	1.432e-32
1095	3.21365e-33
1096	7.10032e-34
1097	1.54447e-34
1098	3.30754e-35
1099	6.97355e-36
1100	1.44752e-36
1101	2.95814e-37
1102	5.95161e-38
1103	1.17889e-38
1104	2.29898e-39
1105	4.41386e-40
1106	8.34305e-41
1107	1.55258e-41
1108	2.84449e-42
1109	5.13071e-43
1110	9.11113e-44
1111	1.5929e-44
1112	2.74175e-45
1113	4.64611e-46
1114	7.75128e-47
1115	1.27322e-47
1116	2.06353e-48
1117	3.58041e-49
1118	2.40554e-49
1119	1.17167e-48
1120	7.05032e-48
1121	4.20448e-47
1122	2.46936e-46
1123	1.42809e-45
1124	8.13256e-45
1125	4.56032e-44
1126	2.51803e-43
1127	1.36906e-42
1128	7.32964e-42
1129	3.86401e-41
1130	2.00581e-40
1131	1.02526e-39
1132	5.16033e-39
1133	2.55749e-38
1134	1.24809e-37
1135	5.99748e-37
1136	2.83784e-36
1137	1.32221e-35
1138	6.06603e-35
1139	2.74033e-34
1140	1.21897e-33
1141	5.3392e-33
1142	2.30277e-32
1143	9.77956e-32
1144	4.08958e-31
1145	1.68396e-30
1146	6.82773e-30
1147	2.72592e-29
1148	1.07163e-28
1149	4.14827e-28
1150	1.58119e-27
1151	5.93464e-27
1152	2.19331e-26
1153	7.98182e-26
1154	2.86022e-25
1155	1.00924e-24
1156	3.50663e-24
1157	1.19973e-23
1158	4.04186e-23
1159	1.34085e-22
1160	4.38012e-22
1161	1.40896e-21
1162	4.46295e-21
1163	1.39206e-20
1164	4.27574e-20
1165	1.29325e-19
1166	3.85192e-19
1167	1.12979e-18
1168	3.26326e-18
1169	9.28198e-18
1170	2.59999e-17
1171	7.17214e-17
1172	1.94841e-16
1173	5.21279e-16
1174	1.3735e-15
1175	3.56418e-15
1176	9.10911e-15
1177	2.29289e-14
1178	5.68452e-14
1179	1.38808e-13
1180	3.33858e-13
1181	7.90938e-13
1182	1.84574e-12
1183	4.24289e-12
1184	9.60788e-12
1185	2.14331e-11
1186	4.71029e-11
1187	1.01984e-10
1188	2.17551e-10
1189	4.57243e-10
1190	9.46918e-10
1191	1.93231e-09
1192	3.8856e-09
1193	7.69983e-09
1194	1.50372e-08
1195	2.89425e-08
1196	5.49051e-08
1197	1.02664e-07
1198	1.89226e-07
1199	3.43809e-07
1200	6.15818e-07
1201	1.08745e-06
1202	1.89326e-06
1203	3.24994e-06
1204	5.50077e-06
1205	9.18071e-06
1206	1.51095e-05
1207	2.45222e-05
1208	3.92482e-05
1209	6.19503e-05
1210	9.64362e-05
1211	0.000148053
1212	0.000224172
1213	0.000334762
1214	0.000493038
1215	0.000716166
1216	0.00102596
1217	0.00144953
1218	0.00201973
1219	0.00277535
1220	0.00376087
1221	0.00502561
1222	0.00662225
1223	0.00860436
1224	0.0110232
1225	0.0139238
1226	0.0173398
1227	0.0212884
1228	0.0257654
1229	0.0307396
1230	0.03615
1231	0.0419029
1232	0.0478719
1233	0.0539011
1234	0.0598099
1235	0.0654012
1236	0.0704717
1237	0.0748238
1238	0.0782783
1239	0.0806867
1240	0.0819413
1241	0.0819836
1242	0.0808088
1243	0.0784661
1244	0.0750555
1245	0.0707206
1246	0.0656386
1247	0.0600082
1248	0.0540365
1249	0.0479269
1250	0.0418674
1251	0.036022
1252	0.0305242
1253	0.0254741
1254	0.0209374
1255	0.0169477
1256	0.0135098
1257	0.0106057
1258	0.0081992
1259	0.00624223
1260	0.00467992
1261	0.00345513
1262	0.00251196
1263	0.00179836
1264	0.00126781
1265	0.000880119
1266	0.000601637
1267	0.000404977
1268	0.000268426
1269	0.000175193
1270	0.00011259
1271	7.12486e-05
1272	4.43957e-05
1273	2.72391e-05
1274	1.64561e-05
1275	9.78913e-06
1276	5.73378e-06
1277	3.30687e-06
1278	1.87788e-06
1279	1.05002e-06
1280	5.78091e-07
1281	3.13378e-07
1282	1.67267e-07
1283	8.79069e-08
1284	4.54886e-08
1285	2.31765e-08
1286	1.16268e-08
1287	5.74295e-09
1288	2.79302e-09
1289	1.33744e-09
1290	6.30573e-10
1291	2.92723e-10
1292	1.33794e-10
1293	6.02109e-11
1294	2.66791e-11
1295	1.16392e-11
1296	4.99953e-12
1297	2.11442e-12
1298	8.80454e-13
1299	3.60973e-13
1300	1.45712e-13
1301	5.79119e-14
1302	2.26616e-14
1303	8.73098e-15
1304	3.31196e-15
1305	1.23696e-15
1306	4.54856e-16
1307	1.64679e-16
1308	5.87019e-17
1309	2.06023e-17
1310	7.11995e-18
1311	2.42535e-18
1312	8.22256e-19
1313	3.02402e-19
1314	1.95591e-19
1315	3.61633e-19
1316	1.01825e-18
1317	3.0084e-18
1318	8.81271e-18
1319	2.54383e-17
1320	7.2309e-17
1321	2.02391e-16
1322	5.57807e-16
1323	1.5138e-15
1324	4.04527e-15
1325	1.06444e-14
1326	2.75794e-14
1327	7.03631e-14
1328	1.76766e-13
1329	4.37269e-13
1330	1.0651e-12
1331	2.55465e-12
1332	6.03343e-12
1333	1.40311e-11
1334	3.21304e-11
1335	7.24495e-11
1336	1.60861e-10
1337	3.51689e-10
1338	7.57119e-10
1339	1.60496e-09
1340	3.3501e-09
1341	6.88569e-09
1342	1.39358e-08
1343	2.77722e-08
1344	5.44982e-08
1345	1.05305e-07
1346	2.00359e-07
1347	3.75373e-07
1348	6.92485e-07
1349	1.25791e-06
1350	2.25e-06
1351	3.96283e-06
1352	6.8726e-06
1353	1.17362e-05
1354	1.97344e-05
1355	3.26747e-05
1356	5.32707e-05
1357	8.55174e-05
1358	0.000135179
1359	0.000210403
1360	0.000322464
1361	0.000486628
1362	0.000723102
1363	0.00105801
1364	0.00152427
1365	0.00216231
1366	0.00302036
1367	0.00415414
1368	0.00562583
1369	0.00750193
1370	0.00985008
1371	0.0127346
1372	0.0162111
1373	0.0203197
1374	0.0250783
1375	0.030476
1376	0.0364663
1377	0.0429637
1378	0.0498409
1379	0.0569303
1380	0.0640286
1381	0.070905
1382	0.0773126
1383	0.0830031
1384	0.0877421
1385	0.0913252
1386	0.0935925
1387	0.0944406
1388	0.0938302
1389	0.0917893
1390	0.088411
1391	0.0838464
1392	0.0782935
1393	0.0719829
1394	0.065162
1395	0.0580792
1396	0.0509691
1397	0.0440406
1398	0.0374679
1399	0.0313853
1400	0.0258854
1401	0.021021
1402	0.0168086
1403	0.013235
1404	0.0102636
1405	0.00784146
1406	0.00590666
1407	0.00439359
1408	0.00323817
1409	0.00238153
1410	0.0017727
1411	0.00137033
1412	0.00114363
1413	0.00107273
1414	0.00114861
1415	0.00137273
1416	0.00175636
1417	0.00231964
1418	0.00309039
1419	0.00410243
1420	0.00539343
1421	0.00700222
1422	0.0089655
1423	0.011314
1424	0.0140683
1425	0.0172346
1426	0.0208006
1427	0.0247322
1428	0.0289713
1429	0.0334353
1430	0.0380185
1431	0.0425959
1432	0.0470289
1433	0.0511739
1434	0.0548914
1435	0.058057
1436	0.0605725
1437	0.0623756
1438	0.0634488
1439	0.0638254
1440	0.063592
1441	0.0628884
1442	0.0619031
1443	0.0608653
1444	0.060034
1445	0.0596843
1446	0.0600921
1447	0.061517
1448	0.0641861
1449	0.0682773
1450	0.0739058
1451	0.0811112
1452	0.0898496
1453	0.0999891
1454	0.111309
1455	0.123508
1456	0.136211
1457	0.148987
1458	0.161368
1459	0.172874
1460	0.183037
1461	0.191426
1462	0.197672
1463	0.201493
1464	0.202703
1465	0.201229
1466	0.197108
1467	0.190488
1468	0.181617
1469	0.170822
1470	0.158492
1471	0.14505
1472	0.130936
1473	0.116574
1474	0.102357
1475	0.0886311
1476	0.0756789
1477	0.063717
1478	0.0528931
1479	0.0432889
1480	0.0349268
1481	0.0277789
1482	0.0217779
1483	0.016828
1484	0.0128155
1485	0.00961833
1486	0.00711373
1487	0.00518444
1488	0.00372296
1489	0.00263411
1490	0.00183618
1491	0.00126099
1492	0.000853103
1493	0.000568546
1494	0.000373239
1495	0.000241352
1496	0.000153725
1497	9.64451e-05
1498	5.96098e-05
1499	3.63167e-05
1500	2.18536e-05
1501	1.30777e-05
1502	7.95722e-06
1503	5.24827e-06
1504	4.28847e-06
1505	4.89147e-06
1506	7.34036e-06
1507	1.24894e-05
1508	2.20003e-05
1509	3.87593e-05
1510	6.75453e-05
1511	0.00011605
1512	0.000196381
1513	0.000327212
1514	0.000536783
1515	0.000866956
1516	0.00137854
1517	0.00215808
1518	0.00332612
1519	0.00504699
1520	0.00753963
1521	0.011089
1522	0.0160566
1523	0.0228897
1524	0.0321254
1525	0.0443895
1526	0.0603856
1527	0.0808742
1528	0.106637
1529	0.138429
1530	0.176917
1531	0.222605
1532	0.275754
1533	0.336303
1534	0.403795
1535	0.477326
1536	0.55551
1537	0.636491
1538	0.717988
1539	0.797387
1540	0.871866
1541	0.938561
1542	0.994748
1543	1.03803
1544	1.0665
1545	1.0789
1546	1.07473
1547	1.05424
1548	1.01849
1549	0.969203
1550	0.908682
1551	0.839634
1552	0.764977
1553	0.687661
1554	0.610479
1555	0.535922
1556	0.466059
1557	0.402467
1558	0.346196
1559	0.297783
1560	0.25729
1561	0.224379
1562	0.198386
1563	0.178422
1564	0.163461
1565	0.152423
1566	0.144251
1567	0.137972
1568	0.132737
1569	0.127853
1570	0.122796
1571	0.117213
1572	0.110909
1573	0.10383
1574	0.0960352
1575	0.0876704
1576	0.0789367
1577	0.0700635
1578	0.0612831
1579	0.0528105
1580	0.0448292
1581	0.0374812
1582	0.0308636
1583	0.0250287
1584	0.0199884
1585	0.0157201
1586	0.0121751
1587	0.00928589
1588	0.00697449
1589	0.00515873
1590	0.00375767
1591	0.00269554
1592	0.00190427
1593	0.00132488
1594	0.000907813
1595	0.000612627
1596	0.000407178
1597	0.000266546
1598	0.000171857
1599	0.000109139
1600	6.82694e-05
1601	4.20642e-05
1602	2.55302e-05
1603	1.52639e-05
1604	8.98991e-06
1605	5.21606e-06
1606	2.98154e-06
1607	1.67906e-06
1608	9.31608e-07
1609	5.09285e-07
1610	2.74325e-07
1611	1.45601e-07
1612	7.61509e-08
1613	3.9248e-08
1614	1.99347e-08
1615	9.97867e-09
1616	4.92291e-09
1617	2.39375e-09
1618	1.14726e-09
1619	5.41986e-10
1620	2.52393e-10
1621	1.15863e-10
1622	5.24337e-11
1623	2.33931e-11
1624	1.02895e-11
1625	4.46209e-12
1626	1.90782e-12
1627	8.04268e-13
1628	3.34301e-13
1629	1.37011e-13
1630	5.53684e-14
1631	2.20627e-14
1632	8.66859e-15
1633	3.3584e-15
1634	1.28294e-15
1635	4.83249e-16
1636	1.7948e-16
1637	6.57261e-17
1638	2.37315e-17
1639	8.44825e-18
1640	2.96519e-18
1641	1.02604e-18
1642	3.50021e-19
1643	1.17712e-19
1644	3.90237e-20
1645	1.27526e-20
1646	4.10784e-21
1647	1.30423e-21
1648	4.08132e-22
1649	1.25873e-22
1650	3.82588e-23
1651	1.14598e-23
1652	3.38259e-24
1653	9.8385e-25
1654	2.81966e-25
1655	7.96223e-26
1656	2.21525e-26
1657	6.07219e-27
1658	1.63977e-27
1659	4.36237e-28
1660	1.14326e-28
1661	2.95143e-29
1662	7.50544e-30
1663	1.88e-30
1664	4.63837e-31
1665	1.12716e-31
1666	2.69779e-32
1667	6.35943e-33
1668	1.47641e-33
1669	3.3757e-34
1670	7.60113e-35
1671	1.68555e-35
1672	3.68083e-36
1673	7.91556e-37
1674	1.67626e-37
1675	3.49558e-38
1676	7.17806e-39
1677	1.45144e-39
1678	2.88994e-40
1679	5.66595e-41
1680	1.09381e-41
1681	2.0792e-42
1682	3.89158e-43
1683	7.17184e-44
1684	1.30138e-44
1685	2.32512e-45
1686	4.09023e-46
1687	7.08451e-47
1688	1.20817e-47
1689	2.02862e-48
1690	3.3537e-49
1691	5.45877e-50
1692	8.74808e-51
1693	1.3803e-51
1694	2.14426e-52
1695	3.27961e-53
1696	4.93861e-54
1697	7.32191e-55
1698	1.06876e-55
1699	1.53592e-56
1700	2.17315e-57
1701	3.02722e-58
1702	4.15172e-59
1703	5.60585e-60
1704	7.45218e-61
1705	9.75332e-62
1706	1.25675e-62
1707	1.5943e-63
1708	1.99121e-64
1709	2.44844e-65
1710	2.96405e-66
1711	3.53268e-67
1712	4.1452e-68
1713	4.78861e-69
1714	5.44622e-70
1715	6.0982e-71
1716	6.72249e-72
1717	7.29589e-73
1718	7.79555e-74
1719	8.2004e-75
1720	8.49265e-76
1721	8.65905e-77
1722	8.69193e-78
1723	8.58976e-79
1724	8.35727e-80
1725	8.00508e-81
1726	7.54893e-82
1727	7.00846e-83
1728	6.40586e-84
1729	5.76435e-85
1730	5.1067e-86
1731	4.45397e-87
1732	3.82447e-88
1733	3.23305e-89
1734	2.69074e-90
1735	2.20468e-91
1736	1.77843e-92
1737	1.41236e-93
1738	1.10426e-94
1739	8.49983e-96
1740	6.44121e-97
1741	4.80552e-98
1742	3.52964e-99
1743	2.55232e-100
1744	1.81701e-101
1745	1.27349e-102
1746	8.78716e-104
1747	5.96922e-105
1748	3.99211e-106
1749	2.62848e-107
1750	1.70381e-108
1751	1.08731e-109
1752	6.83127e-111
1753	4.22537e-112
1754	2.57303e-113
1755	1.54255e-114
1756	9.10438e-116
1757	5.29025e-117
1758	3.02634e-118
1759	1.70441e-119
1760	9.45035e-121
1761	5.15865e-122
1762	2.7723e-123
1763	1.46676e-124
1764	7.64e-126
1765	3.91781e-127
1766	1.97792e-128
1767	9.8308e-130
1768	4.81044e-131
1769	2.31738e-132
1770	1.09906e-133
1771	5.13175e-135
1772	2.35897e-136
1773	1.06757e-137
1774	4.75646e-139
1775	2.08635e-140
1776	9.0096e-142
1777	3.83036e-143
1778	1.6032e-144
1779	6.60622e-146
1780	2.67999e-147
1781	1.07036e-148
1782	4.20861e-150
1783	1.62916e-151
1784	6.20876e-153
1785	2.32949e-154
1786	8.60464e-156
1787	3.1291e-157
1788	1.12027e-158
1789	3.94855e-160
1790	1.37016e-161
1791	4.68078e-163
1792	1.57428e-164
1793	5.21266e-166
1794	1.69923e-167
1795	5.45332e-169
1796	1.723e-170
1797	5.3595e-172
1798	1.64126e-173
1799	4.9482e-175
1800	1.4687e-176
1801	4.29173e-178
1802	1.23466e-179
1803	3.49686e-181
1804	9.75042e-183
1805	2.6766e-184
1806	7.23369e-186
1807	1.92465e-187
1808	5.04148e-189
1809	1.30011e-190
1810	3.30078e-192
1811	8.25027e-194
1812	2.03019e-195
1813	4.91834e-197
1814	1.17305e-198
1815	2.75441e-200
1816	6.36732e-202
1817	1.44911e-203
1818	3.24682e-205
1819	7.16197e-207
1820	1.55533e-208
1821	3.32526e-210
1822	6.99914e-212
1823	1.45037e-213
1824	2.95889e-215
1825	5.94284e-217
1826	1.1751e-218
1827	2.28754e-220
1828	4.3841e-222
1829	8.27191e-224
1830	1.53655e-225
1831	2.80998e-227
1832	5.05911e-229
1833	8.96728e-231
1834	1.56481e-232
1835	2.68831e-234
1836	4.54686e-236
1837	7.57109e-238
1838	1.24114e-239
1839	2.00308e-241
1840	3.18267e-243
1841	4.97851e-245
1842	7.66696e-247
1843	1.16242e-248
1844	1.73506e-250
1845	2.54967e-252
1846	3.68865e-254
1847	5.25372e-256
1848	7.36684e-258
1849	1.01698e-259
1850	1.38215e-261
1851	1.84934e-263
1852	2.43608e-265
1853	3.15923e-267
1854	4.03354e-269
1855	5.06999e-271
1856	6.27398e-273
1857	7.64353e-275
1858	9.1677e-277
1859	1.08253e-278
1860	1.25846e-280
1861	1.44029e-282
1862	1.62285e-284
1863	1.80019e-286
1864	1.96597e-288
1865	2.11373e-290
1866	2.23737e-292
1867	2.33152e-294
1868	2.39198e-296
1869	2.41597e-298
1870	2.40237e-300
1871	2.35181e-302
1872	2.26664e-304
1873	2.15068e-306
1874	2.00902e-308
1875	1.8476e-310
1876	1.67282e-312
1877	1.49109e-314
1878	1.3085e-316
1879	1.13046e-318
1880	9.61452e-321
1881	8.39912e-323
1882	0
1883	0
1884	0
1885	0
1886	0
1887	0
1888	0
1889	0
1890	0
1891	0
1892	0
1893	0
1894	0
1895	0
1896	0
1897	0
1898	0
1899	0
1900	0
1901	0
1902	0
1903	0
1904	0
1905	0
1906	0
1907	0
1908	0
1909	0
1910	0
1911	0
1912	0
1913	0
1914	0
1915	0
1916	0
1917	0
1918	0
1919	0
1920	0
1921	0
1922	0
1923	0
1924	0
1925	0
1926	0
1927	0
1928	0
1929	0
1930	0
1931	0
1932	0
1933	0
1934	0
1935	0
1936	0
1937	0
1938	0
1939	0
1940	0
1941	0
1942	0
1943	0
1944	0
1945	0
1946	0
1947	0
1948	0
1949	0
1950	0
1951	0
1952	0
1953	0
1954	0
1955	0
1956	0
1957	0
1958	0
1959	0
1960	0
1961	0
1962	0
1963	0
1964	0
1965	0
1966	0
1967	0
1968	0
1969	0
1970	0
1971	0
1972	0
1973	0
1974	0
1975	0
1976	0
1977	0
1978	0
1979	0
1980	0
1981	0
1982	0
1983	0
1984	0
1985	0
1986	0
1987	0
1988	0
1989	0
1990	0
1991	0
1992	0
1993	0
1994	0
1995	0
1996	0
1997	0
1998	0
1999	0
2000	0
2001	0
2002	0
2003	0
2004	0
2005	0
2006	0
2007	0
2008	0
2009	0
2010	0
2011	0
2012	0
2013	0
2014	0
2015	0
2016	0
2017	0
2018	0
2019	0
2020	0
2021	0
2022	0
2023	0
2024	0
2025	0
2026	0
2027	0
2028	0
2029	0
2030	0
2031	0
2032	0
2033	0
2034	0
2035	0
2036	0
2037	0
2038	0
2039	0
2040	0
2041	0
2042	0
2043	0
2044	0
2045	0
2046	0
2047	0
2048	0
2049	0
2050	0
2051	0
2052	0
2053	0
2054	0
2055	0
2056	0
2057	0
2058	0
2059	0
2060	0
2061	0
2062	0
2063	0
2064	0
2065	0
2066	0
2067	0
2068	0
2069	0
2070	0
2071	0
2072	0
2073	0
2074	0
2075	0
2076	0
2077	0
2078	0
2079	0
2080	0
2081	0
2082	0
2083	0
2084	0
2085	0
2086	0
2087	0
2088	0
2089	0
2090	0
2091	0
2092	0
2093	0
2094	0
2095	0
2096	0
2097	0
2098	0
2099	0
2100	0
2101	0
2102	0
2103	0
2104	0
2105	0
2106	0
2107	0
2108	0
2109	0
2110	0
2111	0
2112	0
2113	0
2114	0
2115	0
2116	0
2117	0
2118	0
2119	0
2120	0
2121	0
2122	0
2123	0
2124	0
2125	0
2126	0
2127	0
2128	0
2129	0
2130	0
2131	0
2132	0
2133	0
2134	0
2135	0
2136	0
2137	0
2138	0
2139	0
2140	0
2141	0
2142	0
2143	0
2144	0
2145	0
2146	0
2147	0
2148	0
2149	0
2150	0
2151	0
2152	0
2153	0
2154	0
2155	0
2156	0
2157	0
2158	0
2159	0
2160	0
2161	0
2162	0
2163	0
2164	0
2165	0
2166	0
2167	0
2168	0
2169	0
2170	0
2171	0
2172	0
2173	0
2174	0
2175	0
2176	0
2177	0
2178	0
2179	0
2180	0
2181	0
2182	0
2183	0
2184	0
2185	0
2186	0
2187	0
2188	0
2189	0
2190	0
2191	0
2192	0
2193	0
2194	0
2195	0
2196	0
2197	0
2198	0
2199	0
2200	0
2201	0
2202	0
2203	0
2204	0
2205	0
2206	0
2207	0
2208	0
2209	0
2210	0
2211	0
2212	0
2213	0
2214	0
2215	0
2216	0
2217	0
2218	0
2219	0
2220	0
2221	0
2222	0
2223	0
2224	0
2225	0
2226	0
2227	0
2228	0
2229	0
2230	0
2231	0
2232	0
2233	0
2234	0
2235	0
2236	0
2237	0
2238	0
2239	0
2240	0
2241	0
2242	0
2243	0
2244	0
2245	0
2246	0
2247	0
2248	0
2249	0
2250	0
2251	0
2252	0
2253	0
2254	0
2255	0
2256	0
2257	0
2258	0
2259	0
2260	0
2261	0
2262	0
2263	0
2264	0
2265	0
2266	0
2267	0
2268	0
2269	0
2270	0
2271	0
2272	0
2273	0
2274	0
2275	0
2276	0
2277	0
2278	0
2279	0
2280	0
2281	0
2282	0
2283	0
2284	0
2285	0
2286	0
2287	0
2288	0
2289	0
2290	0
2291	0
2292	0
2293	0
2294	0
2295	0
2296	0
2297	0
2298	0
2299	0
2300	0
2301	0
2302	0
2303	0
2304	0
2305	0
2306	0
2307	0
2308	0
2309	0
2310	0
2311	0
2312	0
2313	0
2314	0
2315	0
2316	0
2317	0
2318	0
2319	0
2320	0
2321	0
2322	0
2323	0
2324	0
2325	0
2326	0
2327	0
2328	0
2329	0
2330	0
2331	0
2332	0
2333	0
2334	0
2335	0
2336	0
2337	0
2338	0
2339	0
2340	0
2341	0
2342	0
2343	0
2344	0
2345	0
2346	0
2347	0
2348	0
2349	0
2350	0
2351	0
2352	0
2353	0
2354	0
2355	0
2356	0
2357	0
2358	0
2359	0
2360	0
2361	0
2362	0
2363	0
2364	0
2365	0
2366	0
2367	0
2368	0
2369	0
2370	0
2371	0
2372	0
2373	0
2374	0
2375	0
2376	0
2377	0
2378	0
2379	0
2380	0
2381	0
2382	0
2383	0
2384	0
2385	0
2386	0
2387	0
2388	0
2389	0
2390	0
2391	0
2392	0
2393	0
2394	0
2395	0
2396	0
2397	0
2398	0
2399	0
2400	0
2401	0
2402	0
2403	0
2404	0
2405	0
2406	0
2407	0
2408	0
2409	0
2410	0
2411	0
2412	0
2413	0
2414	0
2415	0
2416	0
2417	0
2418	0
2419	0
2420	0
2421	0
2422	0
2423	0
2424	0
2425	0
2426	0
2427	0
2428	0
2429	0
2430	0
2431	0
2432	0
2433	0
2434	0
2435	0
2436	0
2437	0
2438	0
2439	0
2440	0
2441	0
2442	0
2443	0
2444	0
2445	0
2446	0
2447	0
2448	0
2449	0
2450	0
2451	0
2452	0
2453	0
2454	0
2455	0
2456	0
2457	0
2458	0
2459	0
2460	0
2461	0
2462	0
2463	0
2464	0
2465	0
2466	0
2467	0
2468	0
2469	0
2470	0
2471	0
2472	0
2473	0
2474	0
2475	0
2476	0
2477	0
2478	0
2479	0
2480	0
2481	0
2482	0
2483	0
2484	0
2485	0
2486	0
2487	0
2488	0
2489	0
2490	0
2491	0
2492	0
2493	0
2494	0
2495	0
2496	0
2497	0
2498	0
2499	0
2500	0
2501	0
2502	0
2503	0
2504	0
2505	0
2506	0
2507	0
2508	0
2509	0
2510	0
2511	0
2512	0
2513	0
2514	0
2515	0
2516	0
2517	0
2518	0
2519	0
2520	0
2521	0
2522	0
2523	0
2524	0
2525	0
2526	0
2527	0
2528	0
2529	0
2530	0
2531	0
2532	0
2533	0
2534	0
2535	0
2536	0
2537	0
2538	0
2539	0
2540	0
2541	0
2542	0
2543	0
2544	0
2545	0
2546	0
2547	0
2548	0
2549	0
2550	0
2551	0
2552	0
2553	0
2554	0
2555	0
2556	0
2557	0
2558	0
2559	0
2560	0
2561	0
2562	0
2563	0
2564	0
2565	0
2566	0
2567	0
2568	0
2569	0
2570	0
2571	0
2572	0
2573	0
2574	0
2575	0
2576	0
2577	0
2578	0
2579	0
2580	0
2581	0
2582	0
2583	0
2584	0
2585	0
2586	0
2587	0
2588	0
2589	0
2590	0
2591	0
2592	0
2593	0
2594	0
2595	0
2596	0
2597	0
2598	0
2599	0
2600	0
2601	0
2602	0
2603	0
2604	0
2605	0
2606	0
2607	0
2608	0
2609	0
2610	0
2611	0
2612	0
2613	0
2614	0
2615	0
2616	0
2617	0
2618	0
2619	0
2620	0
2621	0
2622	0
2623	0
2624	0
2625	0
2626	0
2627	0
2628	0
2629	0
2630	0
2631	0
2632	0
2633	0
2634	0
2635	0
2636	0
2637	0
2638	0
2639	0
2640	0
2641	0
2642	0
2643	0
2644	0
2645	0
2646	0
2647	0
2648	0
2649	0
2650	0
2651	0
2652	0
2653	0
2654	2.12448e-322
2655	2.55975e-320
2656	3.02132e-318
2657	3.51108e-316
2658	4.01697e-314
2659	4.52453e-312
2660	5.01722e-310
2661	5.47733e-308
2662	5.88694e-306
2663	6.22912e-304
2664	6.48901e-302
2665	6.65497e-300
2666	6.71938e-298
2667	6.67926e-296
2668	6.53646e-294
2669	6.29756e-292
2670	5.97335e-290
2671	5.57801e-288
2672	5.12809e-286
2673	4.64139e-284
2674	4.13577e-282
2675	3.62811e-280
2676	3.13342e-278
2677	2.66425e-276
2678	2.23021e-274
2679	1.83794e-272
2680	1.49119e-270
2681	1.19111e-268
2682	9.36665e-267
2683	7.2516e-265
2684	5.52712e-263
2685	4.14743e-261
2686	3.06391e-259
2687	2.22837e-257
2688	1.59557e-255
2689	1.12476e-253
2690	7.80583e-252
2691	5.33328e-250
2692	3.58745e-248
2693	2.3757e-246
2694	1.54887e-244
2695	9.94154e-243
2696	6.28215e-241
2697	3.90821e-239
2698	2.39367e-237
2699	1.44333e-235
2700	8.5681e-234
2701	5.00747e-232
2702	2.88117e-230
2703	1.63205e-228
2704	9.10155e-227
2705	4.99704e-225
2706	2.70101e-223
2707	1.43733e-221
2708	7.53012e-220
2709	3.88386e-218
2710	1.97215e-216
2711	9.85903e-215
2712	4.85226e-213
2713	2.35109e-211
2714	1.12153e-209
2715	5.26706e-208
2716	2.43524e-206
2717	1.10849e-204
2718	4.9675e-203
2719	2.19159e-201
2720	9.51915e-200
2721	4.07054e-198
2722	1.71365e-196
2723	7.10247e-195
2724	2.89809e-193
2725	1.16421e-191
2726	4.60433e-190
2727	1.79274e-188
2728	6.87203e-187
2729	2.59339e-185
2730	9.63537e-184
2731	3.5244e-182
2732	1.26916e-180
2733	4.49952e-179
2734	1.57047e-177
2735	5.3965e-176
2736	1.82562e-174
2737	6.08028e-173
2738	1.99367e-171
2739	6.43578e-170
2740	2.04533e-168
2741	6.39946e-167
2742	1.97124e-165
2743	5.97794e-164
2744	1.78476e-162
2745	5.24596e-161
2746	1.51805e-159
2747	4.32479e-158
2748	1.21299e-156
2749	3.34942e-155
2750	9.10536e-154
2751	2.43692e-152
2752	6.42099e-151
2753	1.66563e-149
2754	4.25375e-148
2755	1.0695e-146
2756	2.64734e-145
2757	6.45138e-144
2758	1.54779e-142
2759	3.65585e-141
2760	8.50124e-140
2761	1.94622e-138
2762	4.3865e-137
2763	9.73333e-136
2764	2.12628e-134
2765	4.57297e-133
2766	9.68259e-132
2767	2.01837e-130
2768	4.14217e-129
2769	8.36897e-128
2770	1.66469e-126
2771	3.25994e-125
2772	6.28497e-124
2773	1.19293e-122
2774	2.22916e-121
2775	4.10097e-120
2776	7.42759e-119
2777	1.32442e-117
2778	2.32499e-116
2779	4.01822e-115
2780	6.83695e-114
2781	1.14527e-112
2782	1.88874e-111
2783	3.06656e-110
2784	4.90172e-109
2785	7.7137e-108
2786	1.19507e-106
2787	1.82281e-105
2788	2.7372e-104
2789	4.04659e-103
2790	5.88963e-102
2791	8.43927e-101
2792	1.19052e-99
2793	1.65344e-98
2794	2.26077e-97
2795	3.04328e-96
2796	4.03315e-95
2797	5.26216e-94
2798	6.75928e-93
2799	8.5478e-92
2800	1.06421e-90
2801	1.30441e-89
2802	1.57405e-88
2803	1.87001e-87
2804	2.18717e-86
2805	2.5185e-85
2806	2.85507e-84
2807	3.18646e-83
2808	3.50121e-82
2809	3.78744e-81
2810	4.03358e-80
2811	4.22915e-79
2812	4.36549e-78
2813	4.43639e-77
2814	4.43859e-76
2815	4.37197e-75
2816	4.23962e-74
2817	4.04756e-73
2818	3.80433e-72
2819	3.52031e-71
2820	3.20702e-70
2821	2.87633e-69
2822	2.53977e-68
2823	2.20784e-67
2824	1.88955e-66
2825	1.59208e-65
2826	1.32066e-64
2827	1.07854e-63
2828	8.67157e-63
2829	6.864e-62
2830	5.34902e-61
2831	4.10383e-60
2832	3.09972e-59
2833	2.30501e-58
2834	1.68749e-57
2835	1.21626e-56
2836	8.63041e-56
2837	6.02912e-55
2838	4.14662e-54
2839	2.80771e-53
2840	1.87166e-52
2841	1.22835e-51
2842	7.93659e-51
2843	5.04852e-50
2844	3.16164e-49
2845	1.9493e-48
2846	1.18321e-47
2847	7.07075e-47
2848	4.15993e-46
2849	2.40949e-45
2850	1.37398e-44
2851	7.71359e-44
2852	4.26334e-43
2853	2.31986e-42
2854	1.24277e-41
2855	6.55449e-41
2856	3.40334e-40
2857	1.73976e-39
2858	8.75573e-39
2859	4.33824e-38
2860	2.11618e-37
2861	1.01627e-36
2862	4.80493e-36
2863	2.23657e-35
2864	1.02493e-34
2865	4.62409e-34
2866	2.05389e-33
2867	8.98143e-33
2868	3.86663e-32
2869	1.63885e-31
2870	6.83852e-31
2871	2.80934e-30
2872	1.13623e-29
2873	4.52424e-29
2874	1.77355e-28
2875	6.84481e-28
2876	2.60074e-27
2877	9.72864e-27
2878	3.58282e-26
2879	1.29902e-25
2880	4.6369e-25
2881	1.62951e-24
2882	5.63775e-24
2883	1.92032e-23
2884	6.4396e-23
2885	2.126e-22
2886	6.91014e-22
2887	2.21121e-21
2888	6.96612e-21
2889	2.16058e-20
2890	6.59736e-20
2891	1.9833e-19
2892	5.86983e-19
2893	1.71034e-18
2894	4.90633e-18
2895	1.38564e-17
2896	3.85269e-17
2897	1.05462e-16
2898	2.84216e-16
2899	7.54082e-16
2900	1.96974e-15
2901	5.06544e-15
2902	1.28246e-14
2903	3.19663e-14
2904	7.84438e-14
2905	1.89515e-13
2906	4.50764e-13
2907	1.05554e-12
2908	2.43342e-12
2909	5.52305e-12
2910	1.23413e-11
2911	2.71495e-11
2912	5.88008e-11
2913	1.25379e-10
2914	2.63198e-10
2915	5.43954e-10
2916	1.10678e-09
2917	2.21706e-09
2918	4.37235e-09
2919	8.4893e-09
2920	1.62274e-08
2921	3.05382e-08
2922	5.65795e-08
2923	1.03203e-07
2924	1.85331e-07
2925	3.2766e-07
2926	5.70317e-07
2927	9.77305e-07
2928	1.64878e-06
2929	2.73852e-06
2930	4.47804e-06
2931	7.20908e-06
2932	1.14259e-05
2933	1.78289e-05
2934	2.73889e-05
2935	4.14234e-05
2936	6.16789e-05
2937	9.04164e-05
2938	0.00013049
2939	0.000185408
2940	0.000259357
2941	0.000357181
2942	0.000484282
2943	0.000646441
2944	0.00084953
2945	0.00109913
2946	0.00140003
2947	0.00175569
2948	0.00216759
2949	0.00263468
2950	0.00315281
2951	0.00371439
2952	0.00430821
2953	0.00491957
2954	0.00553066
2955	0.00612135
2956	0.00667018
2957	0.00715563
2958	0.00755751
2959	0.00785832
2960	0.00804453
2961	0.00810759
2962	0.00804458
2963	0.00785841
2964	0.00755765
2965	0.00715581
2966	0.00667039
2967	0.00612159
2968	0.00553091
2969	0.00491983
2970	0.00430848
2971	0.00371465
2972	0.00315306
2973	0.00263492
2974	0.00216782
2975	0.00175589
2976	0.00140021
2977	0.00109928
2978	0.000849663
2979	0.000646553
2980	0.000484375
2981	0.000357256
2982	0.000259417
2983	0.000185455
2984	0.000130526
2985	9.04437e-05
2986	6.16992e-05
2987	4.14384e-05
2988	2.74001e-05
2989	1.78376e-05
2990	1.1434e-05
2991	7.21874e-06
2992	4.49336e-06
2993	2.76699e-06
2994	1.70484e-06
2995	1.08887e-06
2996	7.90849e-07
2997	7.58285e-07
2998	1.01445e-06
2999	1.67642e-06
3000	2.99789e-06
3001	5.44891e-06
3002	9.85122e-06
3003	1.75986e-05
3004	3.10044e-05
3005	5.38376e-05
3006	9.21305e-05
3007	0.000155369
3008	0.000258212
3009	0.000422908
3010	0.000682625
3011	0.00108591
3012	0.00170252
3013	0.00263076
3014	0.00400652
3015	0.00601394
3016	0.00889731
3017	0.0129739
3018	0.0186465
3019	0.0264145
3020	0.036881
3021	0.0507551
3022	0.068845
3023	0.0920402
3024	0.121281
3025	0.157513
3026	0.201623
3027	0.254368
3028	0.316284
3029	0.387597
3030	0.468132
3031	0.557232
3032	0.653705
3033	0.755796
3034	0.861204
3035	0.967142
3036	1.07045
3037	1.16774
3038	1.25561
3039	1.33082
3040	1.39053
3041	1.43252
3042	1.45529
3043	1.45827
3044	1.44179
3045	1.40711
3046	1.35632
3047	1.29219
3048	1.21801
3049	1.13735
3050	1.05384
3051	0.970984
3052	0.891949
3053	0.819452
3054	0.755647
3055	0.70209
3056	0.659732
3057	0.628965
3058	0.609681
3059	0.601372
3060	0.603226
3061	0.614234
3062	0.633294
3063	0.6593
3064	0.691216
3065	0.728131
3066	0.769284
3067	0.814065
3068	0.861987
3069	0.912628
3070	0.965557
3071	1.02025
3072	1.07599
3073	1.13182
3074	1.18647
3075	1.23833
3076	1.28553
3077	1.326
3078	1.35757
3079	1.37815
3080	1.38589
3081	1.37937
3082	1.35771
3083	1.32069
3084	1.26882
3085	1.20331
3086	1.12599
3087	1.03922
3088	0.945724
3089	0.848369
3090	0.750021
3091	0.65336
3092	0.560732
3093	0.474055
3094	0.394755
3095	0.323754
3096	0.261494
3097	0.207991
3098	0.162907
3099	0.125641
3100	0.0954134
3101	0.0713443
3102	0.0525257
3103	0.0380751
3104	0.0271744
3105	0.0190951
3106	0.0132107
3107	0.00899839
3108	0.00603445
3109	0.00398421
3110	0.00258986
3111	0.00165744
3112	0.0010443
3113	0.000647795
3114	0.000395616
3115	0.000237867
3116	0.000140804
3117	8.20576e-05
3118	4.70808e-05
3119	2.65943e-05
3120	1.47895e-05
3121	8.0973e-06
3122	4.36461e-06
3123	2.31617e-06
3124	1.21008e-06
3125	6.22413e-07
3126	3.15185e-07
3127	1.57142e-07
3128	7.71493e-08
3129	3.73297e-08
3130	1.78727e-08
3131	8.62568e-09
3132	4.53814e-09
3133	3.27536e-09
3134	4.05715e-09
3135	7.23576e-09
3136	1.4418e-08
3137	2.91564e-08
3138	5.84505e-08
3139	1.15577e-07
3140	2.2518e-07
3141	4.32193e-07
3142	8.17155e-07
3143	1.52202e-06
3144	2.79276e-06
3145	5.04849e-06
3146	8.99112e-06
3147	1.57763e-05
3148	2.7274e-05
3149	4.64579e-05
3150	7.79742e-05
3151	0.000128955
3152	0.000210151
3153	0.000337481
3154	0.000534078
3155	0.000832937
3156	0.00128022
3157	0.00193927
3158	0.00289523
3159	0.00426025
3160	0.00617882
3161	0.00883298
3162	0.0124466
3163	0.0172883
3164	0.0236709
3165	0.0319487
3166	0.0425083
3167	0.0557554
3168	0.072094
3169	0.0919002
3170	0.11549
3171	0.143083
3172	0.174764
3173	0.210444
3174	0.249831
3175	0.292403
3176	0.337397
3177	0.383819
3178	0.430461
3179	0.475951
3180	0.51881
3181	0.557532
3182	0.590664
3183	0.616902
3184	0.635173
3185	0.644707
3186	0.64509
3187	0.636298
3188	0.618692
3189	0.593003
3190	0.560272
3191	0.521788
3192	0.478999
3193	0.433424
3194	0.386563
3195	0.339821
3196	0.294439
3197	0.251446
3198	0.211638
3199	0.175563
3200	0.143534
3201	0.115652
3202	0.0918367
3203	0.0718686
3204	0.0554261
3205	0.0421243
3206	0.0315491
3207	0.0232846
3208	0.0169345
3209	0.0121364
3210	0.00857057
3211	0.00596387
3212	0.00408918
3213	0.00276265
3214	0.00183904
3215	0.00120621
3216	0.000779492
3217	0.00049631
3218	0.000311341
3219	0.000192423
3220	0.000117167
3221	7.02865e-05
3222	4.15386e-05
3223	2.41845e-05
3224	1.38713e-05
3225	7.83772e-06
3226	4.36257e-06
3227	2.39204e-06
3228	1.292e-06
3229	6.8741e-07
3230	3.60264e-07
3231	1.85982e-07
3232	9.45709e-08
3233	4.73669e-08
3234	2.33677e-08
3235	1.13546e-08
3236	5.43424e-09
3237	2.56159e-09
3238	1.18926e-09
3239	5.4379e-10
3240	2.4489e-10
3241	1.08615e-10
3242	4.74437e-11
3243	2.04096e-11
3244	8.64668e-12
3245	3.60761e-12
3246	1.48231e-12
3247	5.99793e-13
3248	2.39003e-13
3249	9.37862e-14
3250	3.62413e-14
3251	1.37909e-14
3252	5.16775e-15
3253	1.90689e-15
3254	6.92887e-16
3255	2.47917e-16
3256	8.73478e-17
3257	3.03039e-17
3258	1.03524e-17
3259	3.48237e-18
3260	1.15345e-18
3261	3.7619e-19
3262	1.20809e-19
3263	3.82006e-20
3264	1.18937e-20
3265	3.64619e-21
3266	1.10061e-21
3267	3.2711e-22
3268	9.57242e-23
3269	2.75812e-23
3270	7.82468e-24
3271	2.18564e-24
3272	6.01103e-25
3273	1.6277e-25
3274	4.33964e-26
3275	1.13916e-26
3276	2.94418e-27
3277	7.49191e-28
3278	1.87701e-28
3279	4.63007e-29
3280	1.12448e-29
3281	2.6888e-30
3282	6.33002e-31
3283	1.46721e-31
3284	3.34824e-32
3285	7.5228e-33
3286	1.6641e-33
3287	3.6242e-34
3288	7.77107e-35
3289	1.64052e-35
3290	3.4097e-36
3291	6.9772e-37
3292	1.40565e-37
3293	2.78806e-38
3294	5.44449e-39
3295	1.04674e-39
3296	1.9813e-40
3297	3.69223e-41
3298	6.77411e-42
3299	1.22361e-42
3300	2.17599e-43
