0 0.0622556 -0.00995691 0.529885 
1 -0.203452 0.744881 0.0670468 
2 0.687999 -0.0198201 -0.10742 
3 -0.00895632 0.23755 0.0339464 
4 0.183135 0.0728874 -0.104082 
5 -0.0297489 -0.210889 0.490201 
6 0.00445362 -0.1984 0.0964633 
7 0.0260667 0.273781 -0.0388406 
8 0.00599128 -0.000866848 0.137037 
9 0.0895153 0.781888 0.077194 
10 0.263915 -0.133426 -0.0636808 
11 0.259244 0.00122303 -0.808894 
12 -0.227619 -0.129821 -0.488247 
13 0.00156687 0.0286082 0.26939 
14 -0.0320028 -0.231512 0.176648 
15 0.509173 0.107634 0.021061 
16 -0.0702006 0.494805 0.0123611 
17 -0.850996 -0.111003 0.0564748 
18 0.173116 0.0462468 -0.0154562 
19 -0.254384 0.370209 0.0379373 
20 0.0957573 -0.0510194 0.617193 
21 -0.0163423 0.358992 0.00442898 
22 -0.149254 -0.0154666 0.0116239 
23 -0.000892784 -0.0553378 -0.531345 
24 0.0109866 -0.00753223 -1.08879 
25 -0.0182106 -0.31333 0.139339 
26 0.0535346 -0.320175 0.0372894 
27 0.0663185 0.117434 0.0510605 
28 -0.00720452 0.00314022 -0.562613 
29 0.248406 -0.271471 -0.0766715 
30 0.891608 0.171284 0.0614878 
31 -0.221349 0.172471 -0.0162284 
32 -0.0464918 -0.000184343 -1.04365 
33 -0.160995 -4.35329 0.100849 
34 4.39795 -0.270759 -0.61454 
35 0.415575 -0.225411 -0.52516 
36 0.821149 -0.13355 6.20999 
37 -0.0260811 -0.482926 -0.0350922 
38 0.228283 -0.609906 0.369255 
39 -0.213558 0.626683 -0.213034 
40 0.111333 -0.862398 -0.0421059 
41 1.00673 0.127435 0.067338 
42 -0.129451 -0.299823 0.0372104 
43 -0.0809005 0.054728 -0.069147 
44 -0.0904232 0.595312 0.0038495 
45 -0.402565 -0.122994 0.0302249 
46 -0.0246788 0.00514846 0.00254672 
47 -0.119461 -0.0477578 -0.0431362 
48 0.0109038 -0.412636 0.00772104 
49 -0.159378 -0.287589 0.0704238 
50 0.095327 -1.05003 -0.0295454 
51 0.363584 0.0196616 0.00691441 
52 -0.00627268 0.681483 -0.0382287 
53 0.172881 0.138909 -0.0340004 
54 -0.0753805 -0.0450294 0.0145391 
55 -0.120708 0.087398 0.0585597 
56 -0.073429 -0.00816568 -0.221898 
57 -0.0382132 0.00500856 0.117629 
58 0.384859 -0.030006 -0.108719 
59 -0.0247958 0.0279906 -0.337526 
60 0.544017 0.000599732 0.05683 
61 -0.00309929 0.164633 0.0584033 
62 -0.0239143 0.117386 0.110401 
63 -0.00690654 0.0116244 0.00732636 
64 0.0622022 0.00338393 0.233648 
65 0.0545632 -0.00941287 0.60923 
66 -0.296094 0.0105128 0.128988 
67 -0.00701505 -0.282152 -0.00979694 
68 -0.0634241 -0.742512 -0.00183547 
69 -0.343361 0.00301023 -0.00179003 
70 0.578484 -0.077998 -0.00616333 
71 -0.0120123 0.0383018 -0.00322402 
72 -0.0560497 0.0629656 -0.00165977 
73 -0.095181 -0.0814264 -0.00348279 
74 -0.0204578 0.128419 -0.00160964 
75 0.0316896 -0.0511044 -0.00485456 
76 0.155986 -0.0729571 0.137347 
77 -0.0639208 -0.134322 0.300163 
78 0.00996445 0.170087 0.315578 
79 -0.00570826 0.0250397 -0.0554337 
80 -0.289198 -0.0119525 0.00645291 
81 -0.00240654 0.0658488 -0.00251518 
82 0.00320212 -0.349095 -0.0026955 
83 0.0385634 -0.0121326 0.0489412 
84 0.0296658 0.0293437 -0.332296 
85 -0.08078 -0.110942 -0.0908912 
86 -0.196522 -0.261683 4.98281e-06 
87 -0.25803 0.237394 -0.00540199 
88 0.0159793 0.00512893 -0.00210388 
89 -0.00737115 0.00252697 -0.00563238 
90 0.00396085 -0.012926 0.0512926 
91 0.000894993 0.00286584 0.102933 
92 0.0128472 -0.105098 0.0404124 
93 0.00323961 -0.209631 -0.026544 
94 -0.010107 -0.010865 -0.000391639 
95 -0.264962 -0.00995028 -0.00681592 
96 -0.0135524 0.00123348 0.161829 
97 0.000327854 -0.0279732 0.0139756 
98 0.234235 -0.0436033 0.00605779 
99 0.0420751 0.242728 0.00260511 
100 -0.0234026 -0.0493137 0.0757947 
101 0.00620928 -0.0375465 -0.0754224 
102 0.00949922 -0.0990929 -0.0057899 
103 0.108724 0.000127698 0.00257783 
104 -0.0203875 -0.00582688 -0.205111 
105 0.00132619 0.0304303 0.000178882 
106 0.000602142 -0.0254861 0.00319372 
107 -0.0882591 -0.00072151 0.0134514 
108 0.00480244 0.00398689 -0.253616 
109 -0.0202176 0.346244 0.00655346 
110 0.0127035 -0.00577995 -0.0113808 
111 -0.408092 -0.0140791 -0.00360521 
112 -0.133768 -0.0127573 -0.0193313 
113 -0.0526952 -0.15958 -0.0026659 
114 0.825441 -0.403925 -0.00431027 
115 -0.4193 -0.759745 0.00374117 
116 -0.0200386 -0.00667557 -0.380226 
117 0.00311912 -0.179884 -0.0142754 
118 -0.0102988 -0.0245831 0.00665282 
119 -0.00415985 -0.0163075 0.0121348 
120 -0.115153 -0.0100673 -0.00414342 
121 0.0436897 0.00159602 -0.00993125 
122 0.00503789 0.0348273 0.0256212 
123 0.0188899 -0.0763705 0.014567 
124 -0.386892 -0.281203 -0.0404453 
125 -0.747488 0.0392663 -0.0409681 
126 -0.061554 1.85967 0.0458819 
127 0.105922 0.305902 -0.320039 
128 0.00964096 0.463983 0.0921234 
129 -0.0814845 0.274889 -0.131372 
130 -0.132104 -0.0424847 -0.00413867 
131 -0.434237 -0.0205551 0.00897084 
132 -0.0214851 0.930294 -0.010376 
133 -0.0701599 0.130565 0.0551896 
134 0.0147307 -0.063785 -0.00336108 
135 0.0651885 0.0304611 0.00557195 
136 0.00476495 0.761232 0.0701348 
137 -0.152094 0.398917 -0.142196 
138 0.361084 -0.133996 0.00172668 
139 -1.95 -0.0788997 0.0197027 
140 -0.268317 0.0815845 0.525589 
141 0.101881 0.218817 -0.309985 
142 0.182334 0.194001 1.09309 
143 0.0602533 -0.612909 0.255305 
