0 0.000318111 -5.08775e-05 0.00270756 
1 -0.00112728 0.0041272 0.000371491 
2 0.00409136 -0.000117864 -0.000638799 
3 -6.19771e-05 0.00164385 0.000234912 
4 0.00122363 0.000487 -0.000695434 
5 -0.000138892 -0.000984627 0.00228873 
6 2.37147e-05 -0.00105618 0.000513512 
7 0.000157157 0.00165064 -0.000234173 
8 4.0995e-05 -5.93334e-06 0.000937578 
9 0.000418634 0.00365662 0.000361011 
10 0.00114722 -0.000579991 -0.000276819 
11 0.00120329 5.67867e-06 -0.00375449 
12 -0.00104279 -0.00059475 -0.0022368 
13 7.47082e-06 0.000136405 0.00128451 
14 -0.000158024 -0.00114317 0.000872261 
15 0.00338046 0.000714595 0.000139827 
16 -0.000474418 0.0033439 8.35369e-05 
17 -0.00387011 -0.000504817 0.000256829 
18 0.00079421 0.000212169 -7.09101e-05 
19 -0.00142658 0.00207613 0.000212751 
20 0.000507001 -0.00027012 0.00326776 
21 -9.32042e-05 0.00204745 2.52596e-05 
22 -0.000779504 -8.07804e-05 6.0709e-05 
23 -4.14483e-06 -0.00025691 -0.00246681 
24 5.17098e-05 -3.54589e-05 -0.00512468 
25 -8.61835e-05 -0.00148292 0.000659453 
26 0.0002441 -0.00145986 0.000170024 
27 0.000452594 0.000801432 0.000348465 
28 -2.97944e-05 1.298e-05 -0.00232664 
29 0.0017831 -0.00194866 -0.00055036 
30 0.0126098 0.00242243 0.000869594 
31 -0.00380386 0.0029639 -0.000278876 
32 -0.000671299 -2.66146e-06 -0.0150695 
33 -0.00113141 -0.0305933 0.000708728 
34 0.0287756 -0.00177157 -0.00402091 
35 0.00642765 -0.00348642 -0.00812259 
36 0.0039509 -0.000642562 0.029879 
37 -0.000271394 -0.00502532 -0.000365169 
38 0.00134536 -0.0035944 0.00217615 
39 -0.000914721 0.00268424 -0.000912491 
40 0.00219407 -0.0169955 -0.000829791 
41 0.0127691 0.00161636 0.000854095 
42 -0.0013658 -0.00316334 0.000392595 
43 -0.000766409 0.000518469 -0.000655066 
44 -0.00106611 0.00701883 4.53887e-05 
45 -0.00542368 -0.00165708 0.000407217 
46 -0.000331329 6.91107e-05 3.41653e-05 
47 -0.00242285 -0.000968598 -0.000874861 
48 0.000217123 -0.00821696 0.000153745 
49 -0.00154972 -0.0027964 0.000684765 
50 0.000832854 -0.00917394 -0.000258136 
51 0.00855695 0.000462734 0.000162732 
52 -5.14608e-05 0.00559146 -0.000313677 
53 0.00285767 0.00229614 -0.000562027 
54 -0.00143792 -0.000858959 0.000277341 
55 -0.00234502 0.00169792 0.00113766 
56 -0.00136012 -0.000151255 -0.00411024 
57 -0.00085375 0.000111903 0.00262806 
58 0.00629481 -0.000490784 -0.00177822 
59 -0.000522922 0.000590285 -0.00711804 
60 0.00783039 8.63259e-06 0.000817992 
61 -5.32294e-05 0.00282688 0.00100282 
62 -0.000360057 0.00176738 0.00166221 
63 -0.000122605 0.000206355 0.000130058 
64 0.00128826 7.00759e-05 0.0048391 
65 0.00114892 -0.000198211 0.0128284 
66 -0.00626941 0.0002226 0.00273115 
67 -0.000136357 -0.00548438 -0.000190438 
68 -0.00140734 -0.0164758 -4.07243e-05 
69 -0.00746072 6.5414e-05 -3.88974e-05 
70 0.0126195 -0.00170152 -0.000134453 
71 -0.000251316 0.000801374 -6.74515e-05 
72 -0.00182496 0.00205012 -5.40366e-05 
73 -0.00309878 -0.00265098 -0.000113376 
74 -0.000665906 0.00418007 -5.23974e-05 
75 0.0010319 -0.0016641 -0.00015808 
76 0.00502681 -0.00235115 0.00442616 
77 -0.00206026 -0.00432936 0.00967466 
78 0.000321213 0.00548286 0.0101728 
79 -0.000184039 0.000807373 -0.00178737 
80 -0.00931669 -0.000385049 0.00020788 
81 -7.75066e-05 0.00212102 -8.10101e-05 
82 0.000103169 -0.0112472 -8.68466e-05 
83 0.00124217 -0.000390801 0.00157644 
84 0.000453995 0.000449067 -0.00508532 
85 -0.00123093 -0.00169053 -0.001385 
86 -0.00299194 -0.00398399 7.78828e-08 
87 -0.00392626 0.00361228 -8.21946e-05 
88 0.000442842 0.000142138 -5.83032e-05 
89 -0.000204398 7.00584e-05 -0.000156179 
90 0.000109727 -0.000358073 0.00142089 
91 2.47829e-05 7.9373e-05 0.0028515 
92 0.0003572 -0.00292218 0.00112364 
93 9.00938e-05 -0.00582939 -0.000738135 
94 -0.000280463 -0.000301503 -1.08688e-05 
95 -0.00735318 -0.000276129 -0.000189156 
96 -0.0004183 3.80712e-05 0.0049949 
97 1.01215e-05 -0.000863731 0.000431526 
98 0.00722721 -0.00134536 0.000186911 
99 0.00129853 0.00749113 8.04012e-05 
100 -0.000761125 -0.00160386 0.00246511 
101 0.000201958 -0.00122116 -0.00245304 
102 0.000308903 -0.00322237 -0.000188279 
103 0.00353444 4.15525e-06 8.38024e-05 
104 -0.000663151 -0.000189531 -0.0066717 
105 4.3123e-05 0.000989602 5.82004e-06 
106 1.95606e-05 -0.000827895 0.000103748 
107 -0.00286905 -2.34514e-05 0.000437267 
108 0.000147234 0.00012223 -0.00777607 
109 -0.000620564 0.0106278 0.000201153 
110 0.000390383 -0.000177621 -0.000349735 
111 -0.0125452 -0.000432812 -0.000110822 
112 -0.00435965 -0.000415779 -0.000630031 
113 -0.00171783 -0.00520217 -8.6909e-05 
114 0.0269158 -0.0131711 -0.000140551 
115 -0.0136704 -0.0247699 0.000121993 
116 -0.000652789 -0.000217477 -0.0123864 
117 0.000101649 -0.00586168 -0.000465177 
118 -0.000335719 -0.000801376 0.000216875 
119 -0.00013556 -0.000531495 0.000395492 
120 -0.00375556 -0.000328335 -0.000135137 
121 0.00142487 5.2052e-05 -0.0003239 
122 0.00016431 0.00113585 0.0008356 
123 0.000616078 -0.00249074 0.000475085 
124 -0.0125117 -0.00909384 -0.00130796 
125 -0.0241792 0.00127012 -0.00132521 
126 -0.00198209 0.0598831 0.00147743 
127 0.00340918 0.00984567 -0.0103007 
128 0.000305424 0.0146969 0.00291805 
129 -0.00258179 0.00870978 -0.00416249 
130 -0.00416078 -0.00133812 -0.000130353 
131 -0.0136756 -0.000647338 0.000282521 
132 -0.000677108 0.0293183 -0.000326999 
133 -0.00221106 0.00411471 0.00173927 
134 0.000464111 -0.00200962 -0.000105895 
135 0.00205364 0.00095961 0.000175527 
136 0.000150597 0.0240586 0.0022166 
137 -0.00480917 0.0126137 -0.00449621 
138 0.0114299 -0.00424157 5.46484e-05 
139 -0.0617348 -0.00249792 0.000623753 
140 -0.00855296 0.00260061 0.0167538 
141 0.00324793 0.00697583 -0.00988224 
142 0.00581117 0.00618303 0.0348379 
143 0.0019202 -0.0195327 0.00813621 
