0.00272666
0.00429448
0.00414261
0.00166171
0.00148932
0.00249541
0.00117463
0.00167456
0.000938493
0.00369817
0.00131496
0.00394261
0.00253859
0.00129176
0.0014466
0.00345799
0.00337842
0.00391133
0.000825114
0.00252798
0.00331787
0.00204973
0.000786027
0.00248016
0.00512506
0.00162522
0.00148986
0.000984155
0.00232687
0.00269807
0.0128697
0.00483031
0.0150844
0.0306224
0.0291091
0.0109291
0.030146
0.00504587
0.00441196
0.00297901
0.0171567
0.0128993
0.00346789
0.00113371
0.00709948
0.00568578
0.00034018
0.00275204
0.00822126
0.00326962
0.00921528
0.008571
0.00560049
0.0037087
0.00169774
0.00311068
0.00433208
0.00276552
0.00655954
0.00716159
0.007873
0.00299996
0.0024528
0.000273001
0.00500814
0.0128812
0.0068421
0.00548938
0.0165358
0.00746111
0.0127344
0.000842561
0.00274524
0.00407958
0.0042331
0.00196444
0.00709842
0.0107976
0.0115608
0.00196988
0.00932696
0.00212398
0.011248
0.00204472
0.00512525
0.00250825
0.00498235
0.00533581
0.000468734
0.000266606
0.00146942
0.00285271
0.00315108
0.00587662
0.000411925
0.0073608
0.00501253
0.000965582
0.00735374
0.00760327
0.00303784
0.00274762
0.00324261
0.00353543
0.00670726
0.000990559
0.0008346
0.00290227
0.00777843
0.0106478
0.00055341
0.0125532
0.00442452
0.00547915
0.0299659
0.0282921
0.0124055
0.00588099
0.000895514
0.000676223
0.0037723
0.00146215
0.00141964
0.00260942
0.0155226
0.0242488
0.0599341
0.0146514
0.0149869
0.00999261
0.0043726
0.0136939
0.0293279
0.00498444
0.00206524
0.00227356
0.024161
0.0142284
0.0121917
0.0617884
0.0189897
0.0125248
0.0358563
0.0212464
