-50	35.9854
-49	35.0018
-48	34.0906
-47	33.258
-46	32.5088
-45	31.8458
-44	31.2671
-43	30.7663
-42	30.3321
-41	29.9516
-40	29.6133
-39	29.3087
-38	29.0328
-37	28.784
-36	28.5623
-35	28.3687
-34	28.2033
-33	28.0657
-32	27.9548
-31	27.8688
-30	27.8048
-29	27.7577
-28	27.7212
-27	27.6886
-26	27.6534
-25	27.6105
-24	27.5563
-23	27.4889
-22	27.4076
-21	27.3129
-20	27.2061
-19	27.0888
-18	26.9623
-17	26.8277
-16	26.6865
-15	26.541
-14	26.3939
-13	26.2485
-12	26.1075
-11	25.9735
-10	25.8482
-9	25.7331
-8	25.6291
-7	25.5368
-6	25.4566
-5	25.3886
-4	25.3329
-3	25.2896
-2	25.2587
-1	25.2402
0	25.234
1	25.2402
2	25.2587
3	25.2896
4	25.3329
5	25.3886
6	25.4566
7	25.5368
8	25.6291
9	25.7331
10	25.8482
11	25.9735
12	26.1075
13	26.2485
14	26.3939
15	26.541
16	26.6865
17	26.8277
18	26.9623
19	27.0888
20	27.2061
21	27.3129
22	27.4076
23	27.4889
24	27.5563
25	27.6105
26	27.6534
27	27.6886
28	27.7212
29	27.7577
30	27.8048
31	27.8688
32	27.9548
33	28.0657
34	28.2033
35	28.3687
36	28.5623
37	28.784
38	29.0328
39	29.3087
40	29.6133
41	29.9516
42	30.3321
43	30.7663
44	31.2671
45	31.8458
46	32.5088
47	33.258
48	34.0906
49	35.0018
50	35.9854
51	37.0338
52	38.1374
53	39.283
54	40.4521
55	41.6194
56	42.7493
57	43.7926
58	44.6818
59	45.3271
60	45.6143
61	45.4064
62	44.5479
63	42.8758
64	40.236
65	36.5125
66	31.6684
67	25.7859
68	19.0824
69	11.8911
70	4.61276
71	-2.34602
72	-8.63536
73	-14.0165
74	-18.3896
75	-21.7801
76	-24.2925
77	-26.056
78	-27.1892
79	-27.7903
80	-27.9452
81	-27.7361
82	-27.2454
83	-26.5521
84	-25.7249
85	-24.8174
86	-23.8664
87	-22.8933
88	-21.9095
89	-20.922
90	-19.9369
91	-18.9627
92	-18.0098
93	-17.0905
94	-16.2183
95	-15.4075
96	-14.6725
97	-14.0271
98	-13.4822
99	-13.0432
100	-12.7078
101	-12.4642
102	-12.2926
103	-12.1674
104	-12.0615
105	-11.951
106	-11.8192
107	-11.6588
108	-11.4716
109	-11.267
110	-11.0585
111	-10.8614
112	-10.6885
113	-10.5462
114	-10.4314
115	-10.331
116	-10.2256
117	-10.0958
118	-9.92827
119	-9.71776
120	-9.46658
121	-9.18162
122	-8.87161
123	-8.54508
124	-8.20945
125	-7.87073
126	-7.53379
127	-7.20277
128	-6.88154
129	-6.57425
130	-6.28583
131	-6.02251
132	-5.79212
133	-5.60405
134	-5.4684
135	-5.39399
136	-5.3849
137	-5.43648
138	-5.53295
139	-5.649
140	-5.75615
141	-5.83088
142	-5.86001
143	-5.84098
144	-5.7784
145	-5.67959
146	-5.55148
147	-5.39942
148	-5.22754
149	-5.03948
150	-4.83881
151	-4.62918
152	-4.41413
153	-4.19713
154	-3.98164
155	-3.77142
156	-3.57094
157	-3.38593
158	-3.22394
159	-3.09493
160	-3.01161
161	-2.9892
162	-3.04395
163	-3.18986
164	-3.43356
165	-3.76855
166	-4.17192
167	-4.60633
168	-5.02794
169	-5.39706
170	-5.68681
171	-5.88644
172	-5.99919
173	-6.03716
174	-6.01604
175	-5.95126
176	-5.85612
177	-5.74107
178	-5.61399
179	-5.4805
180	-5.34454
181	-5.20881
182	-5.07505
183	-4.9444
184	-4.81753
185	-4.69481
186	-4.57641
187	-4.46233
188	-4.35253
189	-4.24687
190	-4.1452
191	-4.04735
192	-3.95313
193	-3.86236
194	-3.77486
195	-3.69045
196	-3.60897
197	-3.53025
198	-3.45416
199	-3.38054
200	-3.30928
201	-3.24024
202	-3.17331
203	-3.10839
204	-3.04537
205	-2.98416
206	-2.92468
207	-2.86684
208	-2.81057
209	-2.75579
210	-2.70245
211	-2.65047
212	-2.59979
213	-2.55037
214	-2.50216
215	-2.45509
216	-2.40913
217	-2.36423
218	-2.32035
219	-2.27746
220	-2.23551
221	-2.19447
222	-2.15431
223	-2.115
224	-2.0765
225	-2.0388
226	-2.00185
227	-1.96564
228	-1.93015
229	-1.89534
230	-1.8612
231	-1.8277
232	-1.79483
233	-1.76256
234	-1.73088
235	-1.69976
236	-1.6692
237	-1.63917
238	-1.60966
239	-1.58065
240	-1.55213
241	-1.52408
242	-1.49649
243	-1.46935
244	-1.44264
245	-1.41635
246	-1.39047
247	-1.36498
248	-1.33988
249	-1.31515
250	-1.29078
251	-1.26677
252	-1.24309
253	-1.21975
254	-1.19672
255	-1.174
256	-1.15159
257	-1.12946
258	-1.10761
259	-1.08603
260	-1.06471
261	-1.04365
262	-1.02282
263	-1.00222
264	-0.981846
265	-0.96168
266	-0.941714
267	-0.921938
268	-0.902341
269	-0.882911
270	-0.863639
271	-0.844512
272	-0.825518
273	-0.806646
274	-0.787884
275	-0.76922
276	-0.750641
277	-0.732136
278	-0.713694
279	-0.695306
280	-0.676966
281	-0.65867
282	-0.640422
283	-0.622234
284	-0.604132
285	-0.586161
286	-0.568395
287	-0.550949
288	-0.533994
289	-0.517783
290	-0.502674
291	-0.489162
292	-0.477896
293	-0.469681
294	-0.465412
295	-0.465918
296	-0.471687
297	-0.482518
298	-0.497266
299	-0.51388
300	-0.529851
301	-0.542891
302	-0.551494
303	-0.555116
304	-0.554017
305	-0.548924
306	-0.540723
307	-0.530263
308	-0.518256
309	-0.505256
310	-0.491673
311	-0.4778
312	-0.463839
313	-0.449927
314	-0.436155
315	-0.42258
316	-0.409236
317	-0.396142
318	-0.383307
319	-0.370733
320	-0.358417
321	-0.346352
322	-0.334531
323	-0.322945
324	-0.311586
325	-0.300444
326	-0.289511
327	-0.278778
328	-0.268236
329	-0.257877
330	-0.247695
331	-0.237681
332	-0.22783
333	-0.218135
334	-0.208591
335	-0.199191
336	-0.189931
337	-0.180806
338	-0.171811
339	-0.162942
340	-0.154196
341	-0.145568
342	-0.137055
343	-0.128653
344	-0.12036
345	-0.112172
346	-0.104087
347	-0.0961021
348	-0.0882142
349	-0.0804213
350	-0.0727209
351	-0.0651111
352	-0.0575896
353	-0.0501544
354	-0.0428036
355	-0.0355355
356	-0.0283482
357	-0.02124
358	-0.0142094
359	-0.00725484
360	-0.000374725
361	0.00643233
362	0.0131677
363	0.0198328
364	0.0264288
365	0.0329571
366	0.0394188
367	0.0458151
368	0.0521471
369	0.0584159
370	0.0646226
371	0.0707683
372	0.0768539
373	0.0828803
374	0.0888486
375	0.0947597
376	0.100614
377	0.106414
378	0.112158
379	0.117849
380	0.123487
381	0.129073
382	0.134607
383	0.140091
384	0.145524
385	0.150908
386	0.156244
387	0.161532
388	0.166773
389	0.171967
390	0.177115
391	0.182218
392	0.187277
393	0.192291
394	0.197262
395	0.20219
396	0.207075
397	0.211919
398	0.216721
399	0.221483
400	0.226204
401	0.230886
402	0.235529
403	0.240133
404	0.244698
405	0.249226
406	0.253717
407	0.258171
408	0.262588
409	0.266969
410	0.271315
411	0.275626
412	0.279902
413	0.284144
414	0.288352
415	0.292527
416	0.296668
417	0.300777
418	0.304854
419	0.308898
420	0.312911
421	0.316893
422	0.320844
423	0.324764
424	0.328655
425	0.332515
426	0.336346
427	0.340148
428	0.343921
429	0.347665
430	0.351381
431	0.35507
432	0.358731
433	0.362364
434	0.36597
435	0.36955
436	0.373103
437	0.376631
438	0.380132
439	0.383608
440	0.387058
441	0.390483
442	0.393884
443	0.39726
444	0.400612
445	0.403939
446	0.407243
447	0.410524
448	0.413781
449	0.417015
450	0.420226
451	0.423415
452	0.426581
453	0.429726
454	0.432848
455	0.435949
456	0.439028
457	0.442086
458	0.445123
459	0.448139
460	0.451134
461	0.45411
462	0.457064
463	0.459999
464	0.462914
465	0.46581
466	0.468686
467	0.471543
468	0.47438
469	0.477199
470	0.479999
471	0.482781
472	0.485544
473	0.488289
474	0.491017
475	0.493726
476	0.496418
477	0.499092
478	0.501749
479	0.504389
480	0.507011
481	0.509617
482	0.512207
483	0.51478
484	0.517336
485	0.519876
486	0.522401
487	0.524909
488	0.527401
489	0.529878
490	0.53234
491	0.534786
492	0.537217
493	0.539633
494	0.542034
495	0.54442
496	0.546792
497	0.549149
498	0.551492
499	0.55382
500	0.556134
501	0.558435
502	0.560721
503	0.562994
504	0.565253
505	0.567499
506	0.569731
507	0.57195
508	0.574156
509	0.576349
510	0.578529
511	0.580696
512	0.58285
513	0.584992
514	0.587122
515	0.589239
516	0.591344
517	0.593437
518	0.595517
519	0.597586
520	0.599643
521	0.601688
522	0.603722
523	0.605744
524	0.607755
525	0.609754
526	0.611742
527	0.613719
528	0.615686
529	0.617641
530	0.619585
531	0.621519
532	0.623441
533	0.625354
534	0.627256
535	0.629147
536	0.631028
537	0.632899
538	0.63476
539	0.636611
540	0.638452
541	0.640283
542	0.642104
543	0.643916
544	0.645718
545	0.64751
546	0.649293
547	0.651067
548	0.652831
549	0.654586
550	0.656332
551	0.658069
552	0.659797
553	0.661516
554	0.663226
555	0.664928
556	0.666621
557	0.668305
558	0.66998
559	0.671648
560	0.673306
561	0.674957
562	0.676599
563	0.678233
564	0.679859
565	0.681477
566	0.683087
567	0.684689
568	0.686283
569	0.687869
570	0.689448
571	0.691019
572	0.692582
573	0.694138
574	0.695686
575	0.697227
576	0.698761
577	0.700287
578	0.701806
579	0.703318
580	0.704823
581	0.706321
582	0.707812
583	0.709296
584	0.710773
585	0.712244
586	0.713707
587	0.715164
588	0.716615
589	0.718058
590	0.719496
591	0.720926
592	0.722351
593	0.723769
594	0.725181
595	0.726586
596	0.727985
597	0.729379
598	0.730766
599	0.732147
600	0.733522
601	0.734891
602	0.736254
603	0.737612
604	0.738964
605	0.74031
606	0.74165
607	0.742985
608	0.744314
609	0.745638
610	0.746956
611	0.748269
612	0.749576
613	0.750878
614	0.752175
615	0.753466
616	0.754753
617	0.756034
618	0.75731
619	0.758581
620	0.759847
621	0.761109
622	0.762365
623	0.763616
624	0.764863
625	0.766105
626	0.767342
627	0.768575
628	0.769802
629	0.771026
630	0.772244
631	0.773459
632	0.774668
633	0.775874
634	0.777075
635	0.778271
636	0.779464
637	0.780652
638	0.781836
639	0.783016
640	0.784192
641	0.785363
642	0.786531
643	0.787695
644	0.788854
645	0.79001
646	0.791162
647	0.79231
648	0.793455
649	0.794595
650	0.795732
651	0.796866
652	0.797996
653	0.799122
654	0.800244
655	0.801364
656	0.80248
657	0.803592
658	0.804701
659	0.805807
660	0.806909
661	0.808008
662	0.809105
663	0.810197
664	0.811287
665	0.812374
666	0.813458
667	0.814539
668	0.815616
669	0.816691
670	0.817763
671	0.818833
672	0.819899
673	0.820963
674	0.822024
675	0.823083
676	0.824138
677	0.825192
678	0.826243
679	0.827291
680	0.828337
681	0.82938
682	0.830421
683	0.83146
684	0.832497
685	0.833531
686	0.834564
687	0.835594
688	0.836622
689	0.837648
690	0.838672
691	0.839694
692	0.840714
693	0.841732
694	0.842748
695	0.843763
696	0.844776
697	0.845787
698	0.846797
699	0.847805
700	0.848812
701	0.849817
702	0.850821
703	0.851823
704	0.852824
705	0.853823
706	0.854822
707	0.855819
708	0.856815
709	0.85781
710	0.858804
711	0.859797
712	0.860789
713	0.86178
714	0.862771
715	0.86376
716	0.864749
717	0.865738
718	0.866725
719	0.867712
720	0.868699
721	0.869685
722	0.870671
723	0.871657
724	0.872642
725	0.873628
726	0.874613
727	0.875598
728	0.876583
729	0.877568
730	0.878553
731	0.879539
732	0.880525
733	0.881511
734	0.882498
735	0.883485
736	0.884473
737	0.885461
738	0.88645
739	0.88744
740	0.888431
741	0.889423
742	0.890416
743	0.89141
744	0.892405
745	0.893402
746	0.8944
747	0.8954
748	0.896401
749	0.897404
750	0.898408
751	0.899415
752	0.900423
753	0.901434
754	0.902447
755	0.903462
756	0.904479
757	0.9055
758	0.906522
759	0.907548
760	0.908576
761	0.909608
762	0.910642
763	0.91168
764	0.912721
765	0.913766
766	0.914815
767	0.915867
768	0.916923
769	0.917984
770	0.919049
771	0.920118
772	0.921192
773	0.92227
774	0.923354
775	0.924443
776	0.925537
777	0.926637
778	0.927742
779	0.928853
780	0.929971
781	0.931095
782	0.932225
783	0.933363
784	0.934507
785	0.935659
786	0.936818
787	0.937985
788	0.93916
789	0.940343
790	0.941535
791	0.942736
792	0.943947
793	0.945167
794	0.946396
795	0.947636
796	0.948887
797	0.950149
798	0.951422
799	0.952706
800	0.954003
801	0.955313
802	0.956636
803	0.957972
804	0.959322
805	0.960686
806	0.962066
807	0.963461
808	0.964872
809	0.9663
810	0.967746
811	0.969209
812	0.970691
813	0.972192
814	0.973713
815	0.975255
816	0.976819
817	0.978405
818	0.980015
819	0.981648
820	0.983307
821	0.984992
822	0.986705
823	0.988445
824	0.990216
825	0.992017
826	0.99385
827	0.995716
828	0.997617
829	0.999555
830	1.00153
831	1.00355
832	1.0056
833	1.0077
834	1.00985
835	1.01204
836	1.01428
837	1.01657
838	1.01892
839	1.02132
840	1.02379
841	1.02632
842	1.02891
843	1.03157
844	1.03431
845	1.03712
846	1.04001
847	1.04299
848	1.04606
849	1.04922
850	1.05248
851	1.05585
852	1.05934
853	1.06294
854	1.06666
855	1.07053
856	1.07453
857	1.07869
858	1.083
859	1.08749
860	1.09216
861	1.09703
862	1.1021
863	1.10739
864	1.11293
865	1.11871
866	1.12477
867	1.13112
868	1.13778
869	1.14476
870	1.15211
871	1.15982
872	1.16793
873	1.17647
874	1.18544
875	1.19487
876	1.20476
877	1.21512
878	1.22594
879	1.23717
880	1.24874
881	1.26052
882	1.27233
883	1.28385
884	1.29462
885	1.30399
886	1.31103
887	1.31448
888	1.31271
889	1.30382
890	1.28578
891	1.25698
892	1.21693
893	1.16696
894	1.11059
895	1.05297
896	0.999486
897	0.954173
898	0.918809
899	0.89289
900	0.874252
901	0.859854
902	0.846417
903	0.830925
904	0.811058
905	0.785609
906	0.754807
907	0.720362
908	0.685111
909	0.652293
910	0.624702
911	0.604048
912	0.590778
913	0.584312
914	0.583488
915	0.586975
916	0.593532
917	0.602133
918	0.611989
919	0.622525
920	0.633337
921	0.644149
922	0.65478
923	0.665118
924	0.675094
925	0.684673
926	0.693839
927	0.702594
928	0.710946
929	0.718908
930	0.7265
931	0.733739
932	0.740647
933	0.747243
934	0.753547
935	0.759578
936	0.765353
937	0.770889
938	0.776203
939	0.781309
940	0.786221
941	0.790952
942	0.795514
943	0.799919
944	0.804177
945	0.808298
946	0.81229
947	0.816164
948	0.819927
949	0.823586
950	0.827149
951	0.830623
952	0.834013
953	0.837327
954	0.84057
955	0.843748
956	0.846866
957	0.849929
958	0.852943
959	0.855912
960	0.858841
961	0.861735
962	0.864599
963	0.867437
964	0.870254
965	0.873055
966	0.875845
967	0.878627
968	0.881408
969	0.884193
970	0.886985
971	0.889792
972	0.892617
973	0.895467
974	0.898347
975	0.901263
976	0.904221
977	0.907225
978	0.910282
979	0.913394
980	0.916565
981	0.919795
982	0.923082
983	0.926419
984	0.929792
985	0.933175
986	0.936529
987	0.939791
988	0.942869
989	0.945627
990	0.947871
991	0.949334
992	0.949659
993	0.948403
994	0.945061
995	0.93915
996	0.930353
997	0.918719
998	0.904829
999	0.8898
1000	0.875059
1001	0.861946
1002	0.851371
1003	0.843684
1004	0.838755
1005	0.836175
1006	0.835438
1007	0.836058
1008	0.837624
1009	0.839819
1010	0.842408
1011	0.845221
1012	0.848144
1013	0.851096
1014	0.854026
1015	0.856899
1016	0.859695
1017	0.862403
1018	0.865017
1019	0.867534
1020	0.869957
1021	0.872287
1022	0.874528
1023	0.876684
1024	0.87876
1025	0.88076
1026	0.882688
1027	0.88455
1028	0.886348
1029	0.888087
1030	0.88977
1031	0.891402
1032	0.892984
1033	0.89452
1034	0.896013
1035	0.897465
1036	0.898878
1037	0.900256
1038	0.901599
1039	0.90291
1040	0.90419
1041	0.905442
1042	0.906666
1043	0.907864
1044	0.909038
1045	0.910188
1046	0.911316
1047	0.912422
1048	0.913509
1049	0.914576
1050	0.915625
1051	0.916656
1052	0.917671
1053	0.91867
1054	0.919653
1055	0.920622
1056	0.921576
1057	0.922517
1058	0.923445
1059	0.924361
1060	0.925264
1061	0.926157
1062	0.927038
1063	0.927908
1064	0.928769
1065	0.929619
1066	0.93046
1067	0.931292
1068	0.932115
1069	0.932929
1070	0.933736
1071	0.934534
1072	0.935325
1073	0.936108
1074	0.936884
1075	0.937653
1076	0.938416
1077	0.939172
1078	0.939922
1079	0.940666
1080	0.941404
1081	0.942136
1082	0.942863
1083	0.943584
1084	0.944301
1085	0.945012
1086	0.945719
1087	0.946421
1088	0.947119
1089	0.947812
1090	0.948501
1091	0.949186
1092	0.949867
1093	0.950544
1094	0.951218
1095	0.951888
1096	0.952554
1097	0.953218
1098	0.953878
1099	0.954535
1100	0.955189
1101	0.95584
1102	0.956488
1103	0.957134
1104	0.957777
1105	0.958417
1106	0.959055
1107	0.959691
1108	0.960325
1109	0.960957
1110	0.961586
1111	0.962214
1112	0.96284
1113	0.963464
1114	0.964087
1115	0.964707
1116	0.965327
1117	0.965945
1118	0.966562
1119	0.967177
1120	0.967792
1121	0.968405
1122	0.969017
1123	0.969628
1124	0.970239
1125	0.970849
1126	0.971458
1127	0.972067
1128	0.972675
1129	0.973283
1130	0.97389
1131	0.974497
1132	0.975104
1133	0.975711
1134	0.976318
1135	0.976926
1136	0.977533
1137	0.978141
1138	0.978749
1139	0.979357
1140	0.979966
1141	0.980576
1142	0.981186
1143	0.981798
1144	0.98241
1145	0.983023
1146	0.983638
1147	0.984254
1148	0.984871
1149	0.98549
1150	0.98611
1151	0.986732
1152	0.987356
1153	0.987982
1154	0.98861
1155	0.98924
1156	0.989873
1157	0.990508
1158	0.991146
1159	0.991787
1160	0.992431
1161	0.993078
1162	0.993728
1163	0.994382
1164	0.995039
1165	0.995701
1166	0.996366
1167	0.997036
1168	0.997711
1169	0.99839
1170	0.999074
1171	0.999763
1172	1.00046
1173	1.00116
1174	1.00187
1175	1.00258
1176	1.0033
1177	1.00403
1178	1.00476
1179	1.0055
1180	1.00625
1181	1.00701
1182	1.00778
1183	1.00856
1184	1.00934
1185	1.01014
1186	1.01095
1187	1.01177
1188	1.0126
1189	1.01345
1190	1.01431
1191	1.01518
1192	1.01607
1193	1.01698
1194	1.0179
1195	1.01884
1196	1.0198
1197	1.02078
1198	1.02178
1199	1.02281
1200	1.02386
1201	1.02494
1202	1.02604
1203	1.02717
1204	1.02834
1205	1.02953
1206	1.03077
1207	1.03204
1208	1.03335
1209	1.03471
1210	1.03611
1211	1.03756
1212	1.03907
1213	1.04064
1214	1.04226
1215	1.04395
1216	1.04571
1217	1.04755
1218	1.04946
1219	1.05145
1220	1.05353
1221	1.05568
1222	1.05793
1223	1.06025
1224	1.06264
1225	1.06509
1226	1.06756
1227	1.07002
1228	1.07239
1229	1.07459
1230	1.0765
1231	1.07793
1232	1.07869
1233	1.07851
1234	1.0771
1235	1.07414
1236	1.06931
1237	1.06232
1238	1.05299
1239	1.04138
1240	1.02791
1241	1.01344
1242	0.999108
1243	0.986079
1244	0.975238
1245	0.967019
1246	0.961421
1247	0.958139
1248	0.956728
1249	0.956728
1250	0.957736
1251	0.959429
1252	0.96156
1253	0.963955
1254	0.966489
1255	0.969076
1256	0.971662
1257	0.974208
1258	0.976692
1259	0.979101
1260	0.981427
1261	0.98367
1262	0.985828
1263	0.987904
1264	0.989902
1265	0.991824
1266	0.993676
1267	0.995462
1268	0.997186
1269	0.998853
1270	1.00047
1271	1.00203
1272	1.00354
1273	1.00502
1274	1.00645
1275	1.00785
1276	1.00921
1277	1.01054
1278	1.01184
1279	1.01312
1280	1.01437
1281	1.01559
1282	1.0168
1283	1.01798
1284	1.01915
1285	1.0203
1286	1.02144
1287	1.02256
1288	1.02366
1289	1.02476
1290	1.02584
1291	1.02692
1292	1.02798
1293	1.02904
1294	1.03009
1295	1.03113
1296	1.03217
1297	1.0332
1298	1.03423
1299	1.03526
1300	1.03628
1301	1.0373
1302	1.03831
1303	1.03933
1304	1.04034
1305	1.04136
1306	1.04237
1307	1.04339
1308	1.04441
1309	1.04543
1310	1.04645
1311	1.04748
1312	1.0485
1313	1.04954
1314	1.05057
1315	1.05162
1316	1.05267
1317	1.05372
1318	1.05478
1319	1.05585
1320	1.05692
1321	1.05801
1322	1.0591
1323	1.0602
1324	1.06131
1325	1.06243
1326	1.06356
1327	1.06471
1328	1.06587
1329	1.06704
1330	1.06822
1331	1.06942
1332	1.07063
1333	1.07186
1334	1.07311
1335	1.07438
1336	1.07566
1337	1.07697
1338	1.07829
1339	1.07964
1340	1.08101
1341	1.08241
1342	1.08383
1343	1.08528
1344	1.08676
1345	1.08827
1346	1.08981
1347	1.09139
1348	1.093
1349	1.09465
1350	1.09634
1351	1.09808
1352	1.09986
1353	1.10169
1354	1.10357
1355	1.10551
1356	1.10751
1357	1.10957
1358	1.11169
1359	1.11389
1360	1.11617
1361	1.11852
1362	1.12096
1363	1.12349
1364	1.12612
1365	1.12884
1366	1.13168
1367	1.13463
1368	1.13768
1369	1.14086
1370	1.14414
1371	1.14754
1372	1.15102
1373	1.15456
1374	1.15813
1375	1.16166
1376	1.16506
1377	1.16817
1378	1.17081
1379	1.17269
1380	1.17344
1381	1.17258
1382	1.16957
1383	1.16386
1384	1.15502
1385	1.14297
1386	1.12815
1387	1.11159
1388	1.09479
1389	1.07931
1390	1.0664
1391	1.05671
1392	1.0503
1393	1.04684
1394	1.04578
1395	1.04655
1396	1.04864
1397	1.05165
1398	1.05528
1399	1.05929
1400	1.06354
1401	1.06791
1402	1.07235
1403	1.07681
1404	1.08125
1405	1.08567
1406	1.09006
1407	1.09441
1408	1.09874
1409	1.10305
1410	1.10734
1411	1.11163
1412	1.11592
1413	1.12022
1414	1.12455
1415	1.12892
1416	1.13333
1417	1.13779
1418	1.14232
1419	1.14692
1420	1.1516
1421	1.15636
1422	1.1612
1423	1.16612
1424	1.17109
1425	1.1761
1426	1.18111
1427	1.18603
1428	1.19078
1429	1.19522
1430	1.19915
1431	1.20232
1432	1.20445
1433	1.20524
1434	1.20443
1435	1.2019
1436	1.19775
1437	1.19233
1438	1.18625
1439	1.18025
1440	1.17512
1441	1.1715
1442	1.16981
1443	1.17021
1444	1.1726
1445	1.17672
1446	1.18227
1447	1.18892
1448	1.19635
1449	1.20429
1450	1.21247
1451	1.22062
1452	1.2284
1453	1.23543
1454	1.24119
1455	1.24506
1456	1.24628
1457	1.24402
1458	1.23754
1459	1.22634
1460	1.21041
1461	1.19031
1462	1.16707
1463	1.14189
1464	1.11585
1465	1.08979
1466	1.06449
1467	1.04088
1468	1.02013
1469	1.00338
1470	0.991318
1471	0.984064
1472	0.981188
1473	0.981944
1474	0.9855
1475	0.991087
1476	0.998069
1477	1.00596
1478	1.01441
1479	1.02316
1480	1.03204
1481	1.04096
1482	1.04983
1483	1.05861
1484	1.06729
1485	1.07586
1486	1.08432
1487	1.09268
1488	1.10096
1489	1.10917
1490	1.11732
1491	1.12543
1492	1.13353
1493	1.14162
1494	1.14974
1495	1.15789
1496	1.16611
1497	1.17439
1498	1.18278
1499	1.19128
1500	1.19991
1501	1.20871
1502	1.21767
1503	1.22684
1504	1.23623
1505	1.24586
1506	1.25577
1507	1.26597
1508	1.27649
1509	1.28736
1510	1.29862
1511	1.31029
1512	1.32241
1513	1.33503
1514	1.34816
1515	1.36188
1516	1.3762
1517	1.39119
1518	1.4069
1519	1.42337
1520	1.44068
1521	1.45887
1522	1.478
1523	1.49813
1524	1.51932
1525	1.54162
1526	1.56506
1527	1.58965
1528	1.61538
1529	1.64218
1530	1.6699
1531	1.69827
1532	1.72689
1533	1.75507
1534	1.78182
1535	1.80565
1536	1.82441
1537	1.83507
1538	1.83355
1539	1.81454
1540	1.77168
1541	1.69823
1542	1.58854
1543	1.44046
1544	1.25796
1545	1.05255
1546	0.841777
1547	0.644775
1548	0.476864
1549	0.346235
1550	0.253872
1551	0.195732
1552	0.165413
1553	0.156178
1554	0.162062
1555	0.17826
1556	0.201117
1557	0.227942
1558	0.256779
1559	0.286193
1560	0.315085
1561	0.34255
1562	0.367768
1563	0.389936
1564	0.408252
1565	0.421984
1566	0.430633
1567	0.434189
1568	0.433355
1569	0.429591
1570	0.424847
1571	0.421058
1572	0.419654
1573	0.421332
1574	0.426111
1575	0.433574
1576	0.443108
1577	0.454088
1578	0.465971
1579	0.478326
1580	0.490831
1581	0.503261
1582	0.51546
1583	0.527332
1584	0.538816
1585	0.549882
1586	0.560517
1587	0.57072
1588	0.580499
1589	0.589869
1590	0.598845
1591	0.607445
1592	0.615687
1593	0.623591
1594	0.631174
1595	0.638454
1596	0.645448
1597	0.652171
1598	0.658638
1599	0.664864
1600	0.670861
1601	0.676643
1602	0.682219
1603	0.687602
1604	0.692801
1605	0.697826
1606	0.702686
1607	0.707388
1608	0.711941
1609	0.716351
1610	0.720626
1611	0.724773
1612	0.728796
1613	0.732701
1614	0.736494
1615	0.740181
1616	0.743764
1617	0.74725
1618	0.750641
1619	0.753942
1620	0.757157
1621	0.760289
1622	0.763342
1623	0.766318
1624	0.769221
1625	0.772053
1626	0.774818
1627	0.777517
1628	0.780153
1629	0.782728
1630	0.785245
1631	0.787705
1632	0.790111
1633	0.792465
1634	0.794768
1635	0.797022
1636	0.799228
1637	0.801389
1638	0.803505
1639	0.805579
1640	0.807611
1641	0.809603
1642	0.811556
1643	0.813471
1644	0.815349
1645	0.817193
1646	0.819001
1647	0.820777
1648	0.82252
1649	0.824231
1650	0.825912
1651	0.827564
1652	0.829186
1653	0.830781
1654	0.832348
1655	0.833889
1656	0.835403
1657	0.836893
1658	0.838358
1659	0.8398
1660	0.841218
1661	0.842614
1662	0.843988
1663	0.84534
1664	0.846672
1665	0.847983
1666	0.849274
1667	0.850546
1668	0.851798
1669	0.853033
1670	0.854249
1671	0.855448
1672	0.85663
1673	0.857794
1674	0.858943
1675	0.860075
1676	0.861192
1677	0.862293
1678	0.86338
1679	0.864452
1680	0.865509
1681	0.866553
1682	0.867583
1683	0.868599
1684	0.869603
1685	0.870593
1686	0.871571
1687	0.872537
1688	0.873491
1689	0.874433
1690	0.875363
1691	0.876282
1692	0.87719
1693	0.878087
1694	0.878973
1695	0.879849
1696	0.880715
1697	0.881571
1698	0.882417
1699	0.883253
1700	0.884079
1701	0.884897
1702	0.885705
1703	0.886505
1704	0.887295
1705	0.888077
1706	0.888851
1707	0.889616
1708	0.890373
1709	0.891122
1710	0.891863
1711	0.892596
1712	0.893322
1713	0.894041
1714	0.894752
1715	0.895455
1716	0.896152
1717	0.896842
1718	0.897525
1719	0.898201
1720	0.898871
1721	0.899534
1722	0.900191
1723	0.900841
1724	0.901485
1725	0.902123
1726	0.902756
1727	0.903382
1728	0.904002
1729	0.904617
1730	0.905226
1731	0.90583
1732	0.906428
1733	0.907021
1734	0.907609
1735	0.908191
1736	0.908768
1737	0.909341
1738	0.909908
1739	0.91047
1740	0.911028
1741	0.911581
1742	0.912129
1743	0.912673
1744	0.913212
1745	0.913746
1746	0.914277
1747	0.914803
1748	0.915324
1749	0.915842
1750	0.916355
1751	0.916864
1752	0.917369
1753	0.91787
1754	0.918368
1755	0.918861
1756	0.919351
1757	0.919836
1758	0.920319
1759	0.920797
1760	0.921272
1761	0.921743
1762	0.922211
1763	0.922675
1764	0.923136
1765	0.923594
1766	0.924048
1767	0.924499
1768	0.924946
1769	0.925391
1770	0.925832
1771	0.92627
1772	0.926705
1773	0.927137
1774	0.927566
1775	0.927992
1776	0.928416
1777	0.928836
1778	0.929253
1779	0.929668
1780	0.93008
1781	0.930489
1782	0.930895
1783	0.931299
1784	0.9317
1785	0.932098
1786	0.932494
1787	0.932887
1788	0.933278
1789	0.933666
1790	0.934052
1791	0.934436
1792	0.934817
1793	0.935195
1794	0.935571
1795	0.935945
1796	0.936317
1797	0.936686
1798	0.937054
1799	0.937418
1800	0.937781
1801	0.938142
1802	0.9385
1803	0.938856
1804	0.939211
1805	0.939563
1806	0.939913
1807	0.940261
1808	0.940607
1809	0.940951
1810	0.941293
1811	0.941633
1812	0.941972
1813	0.942308
1814	0.942643
1815	0.942975
1816	0.943306
1817	0.943635
1818	0.943962
1819	0.944288
1820	0.944611
1821	0.944933
1822	0.945254
1823	0.945572
1824	0.945889
1825	0.946204
1826	0.946518
1827	0.94683
1828	0.94714
1829	0.947449
1830	0.947756
1831	0.948061
1832	0.948365
1833	0.948668
1834	0.948969
1835	0.949268
1836	0.949566
1837	0.949863
1838	0.950158
1839	0.950451
1840	0.950743
1841	0.951034
1842	0.951323
1843	0.951611
1844	0.951898
1845	0.952183
1846	0.952467
1847	0.95275
1848	0.953031
1849	0.953311
1850	0.953589
1851	0.953867
1852	0.954143
1853	0.954418
1854	0.954691
1855	0.954963
1856	0.955235
1857	0.955504
1858	0.955773
1859	0.956041
1860	0.956307
1861	0.956572
1862	0.956836
1863	0.957099
1864	0.957361
1865	0.957621
1866	0.957881
1867	0.958139
1868	0.958397
1869	0.958653
1870	0.958908
1871	0.959162
1872	0.959415
1873	0.959667
1874	0.959918
1875	0.960168
1876	0.960417
1877	0.960665
1878	0.960912
1879	0.961158
1880	0.961402
1881	0.961646
1882	0.961889
1883	0.962132
1884	0.962373
1885	0.962613
1886	0.962852
1887	0.96309
1888	0.963328
1889	0.963564
1890	0.9638
1891	0.964035
1892	0.964268
1893	0.964501
1894	0.964733
1895	0.964965
1896	0.965195
1897	0.965425
1898	0.965653
1899	0.965881
1900	0.966108
1901	0.966335
1902	0.96656
1903	0.966785
1904	0.967008
1905	0.967231
1906	0.967454
1907	0.967675
1908	0.967896
1909	0.968116
1910	0.968335
1911	0.968554
1912	0.968771
1913	0.968988
1914	0.969204
1915	0.96942
1916	0.969635
1917	0.969849
1918	0.970062
1919	0.970275
1920	0.970487
1921	0.970698
1922	0.970909
1923	0.971119
1924	0.971328
1925	0.971537
1926	0.971744
1927	0.971952
1928	0.972158
1929	0.972364
1930	0.97257
1931	0.972774
1932	0.972978
1933	0.973182
1934	0.973385
1935	0.973587
1936	0.973788
1937	0.973989
1938	0.97419
1939	0.97439
1940	0.974589
1941	0.974787
1942	0.974985
1943	0.975183
1944	0.97538
1945	0.975576
1946	0.975772
1947	0.975967
1948	0.976162
1949	0.976356
1950	0.976549
1951	0.976742
1952	0.976935
1953	0.977127
1954	0.977318
1955	0.977509
1956	0.977699
1957	0.977889
1958	0.978078
1959	0.978267
1960	0.978456
1961	0.978643
1962	0.978831
1963	0.979018
1964	0.979204
1965	0.97939
1966	0.979575
1967	0.97976
1968	0.979944
1969	0.980128
1970	0.980312
1971	0.980495
1972	0.980677
1973	0.98086
1974	0.981041
1975	0.981222
1976	0.981403
1977	0.981583
1978	0.981763
1979	0.981943
1980	0.982122
1981	0.9823
1982	0.982479
1983	0.982656
1984	0.982834
1985	0.983011
1986	0.983187
1987	0.983363
1988	0.983539
1989	0.983714
1990	0.983889
1991	0.984063
1992	0.984238
1993	0.984411
1994	0.984585
1995	0.984758
1996	0.98493
1997	0.985102
1998	0.985274
1999	0.985445
2000	0.985617
2001	0.985787
2002	0.985958
2003	0.986128
2004	0.986297
2005	0.986466
2006	0.986635
2007	0.986804
2008	0.986972
2009	0.98714
2010	0.987308
2011	0.987475
2012	0.987642
2013	0.987808
2014	0.987974
2015	0.98814
2016	0.988306
2017	0.988471
2018	0.988636
2019	0.9888
2020	0.988965
2021	0.989129
2022	0.989292
2023	0.989456
2024	0.989619
2025	0.989781
2026	0.989944
2027	0.990106
2028	0.990268
2029	0.990429
2030	0.99059
2031	0.990751
2032	0.990912
2033	0.991072
2034	0.991233
2035	0.991392
2036	0.991552
2037	0.991711
2038	0.99187
2039	0.992029
2040	0.992187
2041	0.992346
2042	0.992503
2043	0.992661
2044	0.992819
2045	0.992976
2046	0.993133
2047	0.993289
2048	0.993446
2049	0.993602
2050	0.993758
2051	0.993913
2052	0.994069
2053	0.994224
2054	0.994379
2055	0.994534
2056	0.994688
2057	0.994842
2058	0.994996
2059	0.99515
2060	0.995304
2061	0.995457
2062	0.99561
2063	0.995763
2064	0.995915
2065	0.996068
2066	0.99622
2067	0.996372
2068	0.996524
2069	0.996675
2070	0.996827
2071	0.996978
2072	0.997129
2073	0.99728
2074	0.99743
2075	0.997581
2076	0.997731
2077	0.997881
2078	0.998031
2079	0.99818
2080	0.99833
2081	0.998479
2082	0.998628
2083	0.998777
2084	0.998925
2085	0.999074
2086	0.999222
2087	0.99937
2088	0.999518
2089	0.999666
2090	0.999813
2091	0.999961
2092	1.00011
2093	1.00026
2094	1.0004
2095	1.00055
2096	1.0007
2097	1.00084
2098	1.00099
2099	1.00113
2100	1.00128
2101	1.00143
2102	1.00157
2103	1.00172
2104	1.00186
2105	1.00201
2106	1.00215
2107	1.0023
2108	1.00244
2109	1.00259
2110	1.00273
2111	1.00288
2112	1.00302
2113	1.00316
2114	1.00331
2115	1.00345
2116	1.0036
2117	1.00374
2118	1.00388
2119	1.00403
2120	1.00417
2121	1.00431
2122	1.00445
2123	1.0046
2124	1.00474
2125	1.00488
2126	1.00503
2127	1.00517
2128	1.00531
2129	1.00545
2130	1.00559
2131	1.00574
2132	1.00588
2133	1.00602
2134	1.00616
2135	1.0063
2136	1.00644
2137	1.00658
2138	1.00673
2139	1.00687
2140	1.00701
2141	1.00715
2142	1.00729
2143	1.00743
2144	1.00757
2145	1.00771
2146	1.00785
2147	1.00799
2148	1.00813
2149	1.00827
2150	1.00841
2151	1.00855
2152	1.00869
2153	1.00883
2154	1.00897
2155	1.00911
2156	1.00925
2157	1.00939
2158	1.00953
2159	1.00967
2160	1.00981
2161	1.00995
2162	1.01009
2163	1.01023
2164	1.01036
2165	1.0105
2166	1.01064
2167	1.01078
2168	1.01092
2169	1.01106
2170	1.0112
2171	1.01134
2172	1.01147
2173	1.01161
2174	1.01175
2175	1.01189
2176	1.01203
2177	1.01217
2178	1.0123
2179	1.01244
2180	1.01258
2181	1.01272
2182	1.01286
2183	1.01299
2184	1.01313
2185	1.01327
2186	1.01341
2187	1.01355
2188	1.01368
2189	1.01382
2190	1.01396
2191	1.0141
2192	1.01423
2193	1.01437
2194	1.01451
2195	1.01465
2196	1.01478
2197	1.01492
2198	1.01506
2199	1.0152
2200	1.01533
2201	1.01547
2202	1.01561
2203	1.01575
2204	1.01588
2205	1.01602
2206	1.01616
2207	1.0163
2208	1.01643
2209	1.01657
2210	1.01671
2211	1.01685
2212	1.01698
2213	1.01712
2214	1.01726
2215	1.0174
2216	1.01753
2217	1.01767
2218	1.01781
2219	1.01794
2220	1.01808
2221	1.01822
2222	1.01836
2223	1.01849
2224	1.01863
2225	1.01877
2226	1.01891
2227	1.01904
2228	1.01918
2229	1.01932
2230	1.01945
2231	1.01959
2232	1.01973
2233	1.01987
2234	1.02
2235	1.02014
2236	1.02028
2237	1.02042
2238	1.02055
2239	1.02069
2240	1.02083
2241	1.02097
2242	1.02111
2243	1.02124
2244	1.02138
2245	1.02152
2246	1.02166
2247	1.02179
2248	1.02193
2249	1.02207
2250	1.02221
2251	1.02235
2252	1.02248
2253	1.02262
2254	1.02276
2255	1.0229
2256	1.02304
2257	1.02317
2258	1.02331
2259	1.02345
2260	1.02359
2261	1.02373
2262	1.02387
2263	1.024
2264	1.02414
2265	1.02428
2266	1.02442
2267	1.02456
2268	1.0247
2269	1.02484
2270	1.02498
2271	1.02511
2272	1.02525
2273	1.02539
2274	1.02553
2275	1.02567
2276	1.02581
2277	1.02595
2278	1.02609
2279	1.02623
2280	1.02637
2281	1.02651
2282	1.02665
2283	1.02679
2284	1.02693
2285	1.02707
2286	1.02721
2287	1.02735
2288	1.02749
2289	1.02763
2290	1.02777
2291	1.02791
2292	1.02805
2293	1.02819
2294	1.02833
2295	1.02847
2296	1.02861
2297	1.02876
2298	1.0289
2299	1.02904
2300	1.02918
2301	1.02932
2302	1.02946
2303	1.0296
2304	1.02975
2305	1.02989
2306	1.03003
2307	1.03017
2308	1.03031
2309	1.03046
2310	1.0306
2311	1.03074
2312	1.03088
2313	1.03103
2314	1.03117
2315	1.03131
2316	1.03146
2317	1.0316
2318	1.03174
2319	1.03189
2320	1.03203
2321	1.03217
2322	1.03232
2323	1.03246
2324	1.0326
2325	1.03275
2326	1.03289
2327	1.03304
2328	1.03318
2329	1.03333
2330	1.03347
2331	1.03362
2332	1.03376
2333	1.03391
2334	1.03405
2335	1.0342
2336	1.03435
2337	1.03449
2338	1.03464
2339	1.03478
2340	1.03493
2341	1.03508
2342	1.03522
2343	1.03537
2344	1.03552
2345	1.03566
2346	1.03581
2347	1.03596
2348	1.03611
2349	1.03625
2350	1.0364
2351	1.03655
2352	1.0367
2353	1.03685
2354	1.037
2355	1.03714
2356	1.03729
2357	1.03744
2358	1.03759
2359	1.03774
2360	1.03789
2361	1.03804
2362	1.03819
2363	1.03834
2364	1.03849
2365	1.03864
2366	1.03879
2367	1.03894
2368	1.0391
2369	1.03925
2370	1.0394
2371	1.03955
2372	1.0397
2373	1.03986
2374	1.04001
2375	1.04016
2376	1.04031
2377	1.04047
2378	1.04062
2379	1.04077
2380	1.04093
2381	1.04108
2382	1.04123
2383	1.04139
2384	1.04154
2385	1.0417
2386	1.04185
2387	1.04201
2388	1.04216
2389	1.04232
2390	1.04248
2391	1.04263
2392	1.04279
2393	1.04294
2394	1.0431
2395	1.04326
2396	1.04342
2397	1.04357
2398	1.04373
2399	1.04389
2400	1.04405
2401	1.04421
2402	1.04436
2403	1.04452
2404	1.04468
2405	1.04484
2406	1.045
2407	1.04516
2408	1.04532
2409	1.04548
2410	1.04564
2411	1.0458
2412	1.04597
2413	1.04613
2414	1.04629
2415	1.04645
2416	1.04661
2417	1.04678
2418	1.04694
2419	1.0471
2420	1.04727
2421	1.04743
2422	1.04759
2423	1.04776
2424	1.04792
2425	1.04809
2426	1.04825
2427	1.04842
2428	1.04858
2429	1.04875
2430	1.04892
2431	1.04908
2432	1.04925
2433	1.04942
2434	1.04959
2435	1.04975
2436	1.04992
2437	1.05009
2438	1.05026
2439	1.05043
2440	1.0506
2441	1.05077
2442	1.05094
2443	1.05111
2444	1.05128
2445	1.05145
2446	1.05162
2447	1.05179
2448	1.05197
2449	1.05214
2450	1.05231
2451	1.05249
2452	1.05266
2453	1.05283
2454	1.05301
2455	1.05318
2456	1.05336
2457	1.05353
2458	1.05371
2459	1.05388
2460	1.05406
2461	1.05424
2462	1.05441
2463	1.05459
2464	1.05477
2465	1.05495
2466	1.05513
2467	1.05531
2468	1.05549
2469	1.05567
2470	1.05585
2471	1.05603
2472	1.05621
2473	1.05639
2474	1.05657
2475	1.05675
2476	1.05694
2477	1.05712
2478	1.0573
2479	1.05749
2480	1.05767
2481	1.05786
2482	1.05804
2483	1.05823
2484	1.05841
2485	1.0586
2486	1.05879
2487	1.05897
2488	1.05916
2489	1.05935
2490	1.05954
2491	1.05973
2492	1.05992
2493	1.06011
2494	1.0603
2495	1.06049
2496	1.06068
2497	1.06087
2498	1.06106
2499	1.06126
2500	1.06145
2501	1.06164
2502	1.06184
2503	1.06203
2504	1.06223
2505	1.06242
2506	1.06262
2507	1.06281
2508	1.06301
2509	1.06321
2510	1.06341
2511	1.06361
2512	1.06381
2513	1.06401
2514	1.06421
2515	1.06441
2516	1.06461
2517	1.06481
2518	1.06501
2519	1.06521
2520	1.06542
2521	1.06562
2522	1.06583
2523	1.06603
2524	1.06624
2525	1.06644
2526	1.06665
2527	1.06686
2528	1.06706
2529	1.06727
2530	1.06748
2531	1.06769
2532	1.0679
2533	1.06811
2534	1.06832
2535	1.06854
2536	1.06875
2537	1.06896
2538	1.06917
2539	1.06939
2540	1.0696
2541	1.06982
2542	1.07004
2543	1.07025
2544	1.07047
2545	1.07069
2546	1.07091
2547	1.07113
2548	1.07135
2549	1.07157
2550	1.07179
2551	1.07201
2552	1.07223
2553	1.07246
2554	1.07268
2555	1.0729
2556	1.07313
2557	1.07336
2558	1.07358
2559	1.07381
2560	1.07404
2561	1.07427
2562	1.0745
2563	1.07473
2564	1.07496
2565	1.07519
2566	1.07542
2567	1.07565
2568	1.07589
2569	1.07612
2570	1.07636
2571	1.07659
2572	1.07683
2573	1.07707
2574	1.07731
2575	1.07755
2576	1.07778
2577	1.07803
2578	1.07827
2579	1.07851
2580	1.07875
2581	1.079
2582	1.07924
2583	1.07949
2584	1.07973
2585	1.07998
2586	1.08023
2587	1.08048
2588	1.08073
2589	1.08098
2590	1.08123
2591	1.08148
2592	1.08173
2593	1.08199
2594	1.08224
2595	1.0825
2596	1.08275
2597	1.08301
2598	1.08327
2599	1.08353
2600	1.08379
2601	1.08405
2602	1.08431
2603	1.08457
2604	1.08484
2605	1.0851
2606	1.08537
2607	1.08564
2608	1.0859
2609	1.08617
2610	1.08644
2611	1.08671
2612	1.08698
2613	1.08726
2614	1.08753
2615	1.0878
2616	1.08808
2617	1.08836
2618	1.08863
2619	1.08891
2620	1.08919
2621	1.08947
2622	1.08976
2623	1.09004
2624	1.09032
2625	1.09061
2626	1.09089
2627	1.09118
2628	1.09147
2629	1.09176
2630	1.09205
2631	1.09234
2632	1.09264
2633	1.09293
2634	1.09322
2635	1.09352
2636	1.09382
2637	1.09412
2638	1.09442
2639	1.09472
2640	1.09502
2641	1.09533
2642	1.09563
2643	1.09594
2644	1.09624
2645	1.09655
2646	1.09686
2647	1.09717
2648	1.09749
2649	1.0978
2650	1.09812
2651	1.09843
2652	1.09875
2653	1.09907
2654	1.09939
2655	1.09971
2656	1.10003
2657	1.10036
2658	1.10068
2659	1.10101
2660	1.10134
2661	1.10167
2662	1.102
2663	1.10234
2664	1.10267
2665	1.10301
2666	1.10334
2667	1.10368
2668	1.10402
2669	1.10437
2670	1.10471
2671	1.10505
2672	1.1054
2673	1.10575
2674	1.1061
2675	1.10645
2676	1.1068
2677	1.10716
2678	1.10751
2679	1.10787
2680	1.10823
2681	1.10859
2682	1.10895
2683	1.10932
2684	1.10969
2685	1.11005
2686	1.11042
2687	1.11079
2688	1.11117
2689	1.11154
2690	1.11192
2691	1.1123
2692	1.11268
2693	1.11306
2694	1.11344
2695	1.11383
2696	1.11422
2697	1.11461
2698	1.115
2699	1.11539
2700	1.11579
2701	1.11619
2702	1.11658
2703	1.11699
2704	1.11739
2705	1.11779
2706	1.1182
2707	1.11861
2708	1.11902
2709	1.11944
2710	1.11985
2711	1.12027
2712	1.12069
2713	1.12111
2714	1.12154
2715	1.12196
2716	1.12239
2717	1.12283
2718	1.12326
2719	1.12369
2720	1.12413
2721	1.12457
2722	1.12502
2723	1.12546
2724	1.12591
2725	1.12636
2726	1.12681
2727	1.12727
2728	1.12772
2729	1.12818
2730	1.12865
2731	1.12911
2732	1.12958
2733	1.13005
2734	1.13052
2735	1.131
2736	1.13147
2737	1.13196
2738	1.13244
2739	1.13292
2740	1.13341
2741	1.13391
2742	1.1344
2743	1.1349
2744	1.1354
2745	1.1359
2746	1.13641
2747	1.13692
2748	1.13743
2749	1.13794
2750	1.13846
2751	1.13898
2752	1.13951
2753	1.14004
2754	1.14057
2755	1.1411
2756	1.14164
2757	1.14218
2758	1.14272
2759	1.14327
2760	1.14382
2761	1.14437
2762	1.14493
2763	1.14549
2764	1.14606
2765	1.14663
2766	1.1472
2767	1.14777
2768	1.14835
2769	1.14893
2770	1.14952
2771	1.15011
2772	1.1507
2773	1.1513
2774	1.1519
2775	1.15251
2776	1.15312
2777	1.15373
2778	1.15435
2779	1.15497
2780	1.1556
2781	1.15623
2782	1.15686
2783	1.1575
2784	1.15814
2785	1.15879
2786	1.15944
2787	1.1601
2788	1.16076
2789	1.16142
2790	1.16209
2791	1.16276
2792	1.16344
2793	1.16413
2794	1.16482
2795	1.16551
2796	1.16621
2797	1.16691
2798	1.16762
2799	1.16833
2800	1.16905
2801	1.16978
2802	1.17051
2803	1.17124
2804	1.17198
2805	1.17273
2806	1.17348
2807	1.17424
2808	1.175
2809	1.17577
2810	1.17654
2811	1.17732
2812	1.17811
2813	1.1789
2814	1.1797
2815	1.1805
2816	1.18131
2817	1.18213
2818	1.18295
2819	1.18378
2820	1.18462
2821	1.18546
2822	1.18631
2823	1.18717
2824	1.18803
2825	1.1889
2826	1.18978
2827	1.19066
2828	1.19156
2829	1.19246
2830	1.19336
2831	1.19428
2832	1.1952
2833	1.19613
2834	1.19707
2835	1.19801
2836	1.19897
2837	1.19993
2838	1.2009
2839	1.20188
2840	1.20287
2841	1.20386
2842	1.20487
2843	1.20588
2844	1.2069
2845	1.20794
2846	1.20898
2847	1.21003
2848	1.21109
2849	1.21216
2850	1.21324
2851	1.21433
2852	1.21543
2853	1.21654
2854	1.21766
2855	1.21879
2856	1.21993
2857	1.22108
2858	1.22225
2859	1.22342
2860	1.22461
2861	1.22581
2862	1.22702
2863	1.22824
2864	1.22947
2865	1.23072
2866	1.23198
2867	1.23325
2868	1.23453
2869	1.23583
2870	1.23714
2871	1.23847
2872	1.23981
2873	1.24116
2874	1.24252
2875	1.2439
2876	1.2453
2877	1.24671
2878	1.24814
2879	1.24958
2880	1.25103
2881	1.25251
2882	1.254
2883	1.2555
2884	1.25702
2885	1.25856
2886	1.26012
2887	1.2617
2888	1.26329
2889	1.2649
2890	1.26653
2891	1.26818
2892	1.26985
2893	1.27154
2894	1.27325
2895	1.27498
2896	1.27673
2897	1.2785
2898	1.28029
2899	1.28211
2900	1.28395
2901	1.28581
2902	1.2877
2903	1.28961
2904	1.29154
2905	1.2935
2906	1.29549
2907	1.2975
2908	1.29953
2909	1.3016
2910	1.30369
2911	1.30582
2912	1.30797
2913	1.31015
2914	1.31236
2915	1.3146
2916	1.31688
2917	1.31918
2918	1.32152
2919	1.3239
2920	1.32631
2921	1.32876
2922	1.33124
2923	1.33376
2924	1.33632
2925	1.33892
2926	1.34156
2927	1.34424
2928	1.34697
2929	1.34974
2930	1.35255
2931	1.35541
2932	1.35832
2933	1.36128
2934	1.36429
2935	1.36736
2936	1.37048
2937	1.37365
2938	1.37688
2939	1.38017
2940	1.38352
2941	1.38693
2942	1.39041
2943	1.39395
2944	1.39756
2945	1.40124
2946	1.40498
2947	1.4088
2948	1.41268
2949	1.41662
2950	1.42062
2951	1.42466
2952	1.42873
2953	1.43281
2954	1.43687
2955	1.44086
2956	1.44475
2957	1.44847
2958	1.45201
2959	1.45534
2960	1.45853
2961	1.46167
2962	1.4649
2963	1.46837
2964	1.47218
2965	1.47639
2966	1.481
2967	1.48597
2968	1.49125
2969	1.49681
2970	1.5026
2971	1.50859
2972	1.51477
2973	1.52112
2974	1.52764
2975	1.53431
2976	1.54115
2977	1.54815
2978	1.55533
2979	1.56267
2980	1.5702
2981	1.57791
2982	1.58583
2983	1.59394
2984	1.60228
2985	1.61084
2986	1.61964
2987	1.62868
2988	1.63799
2989	1.64757
2990	1.65744
2991	1.66761
2992	1.67809
2993	1.68891
2994	1.70008
2995	1.71162
2996	1.72355
2997	1.73589
2998	1.74866
2999	1.76189
3000	1.77561
3001	1.78983
3002	1.8046
3003	1.81994
3004	1.83588
3005	1.85247
3006	1.86975
3007	1.88776
3008	1.90653
3009	1.92614
3010	1.94662
3011	1.96804
3012	1.99045
3013	2.01393
3014	2.03854
3015	2.06436
3016	2.09147
3017	2.11995
3018	2.14988
3019	2.18135
3020	2.21444
3021	2.24921
3022	2.28575
3023	2.32407
3024	2.36417
3025	2.40599
3026	2.44938
3027	2.49404
3028	2.53949
3029	2.58497
3030	2.62932
3031	2.67084
3032	2.70714
3033	2.73495
3034	2.75003
3035	2.74724
3036	2.72075
3037	2.66471
3038	2.57397
3039	2.44503
3040	2.27714
3041	2.0738
3042	1.84448
3043	1.60504
3044	1.37538
3045	1.17446
3046	1.01528
3047	0.902595
3048	0.833908
3049	0.802205
3050	0.798755
3051	0.815035
3052	0.843761
3053	0.879324
3054	0.91791
3055	0.957374
3056	0.996866
3057	1.03624
3058	1.0755
3059	1.11438
3060	1.15222
3061	1.18777
3062	1.21908
3063	1.24344
3064	1.2577
3065	1.25897
3066	1.24571
3067	1.21867
3068	1.18127
3069	1.13909
3070	1.09842
3071	1.06451
3072	1.04006
3073	1.0243
3074	1.01299
3075	0.998979
3076	0.973063
3077	0.925023
3078	0.84508
3079	0.726076
3080	0.566313
3081	0.372142
3082	0.158494
3083	-0.0540759
3084	-0.245159
3085	-0.400115
3086	-0.512672
3087	-0.583997
3088	-0.619882
3089	-0.627885
3090	-0.615397
3091	-0.588699
3092	-0.552704
3093	-0.511049
3094	-0.466329
3095	-0.420338
3096	-0.374286
3097	-0.328963
3098	-0.284868
3099	-0.242296
3100	-0.201407
3101	-0.162267
3102	-0.124879
3103	-0.0892102
3104	-0.0552004
3105	-0.0227759
3106	0.00814501
3107	0.037647
3108	0.0658148
3109	0.0927315
3110	0.118477
3111	0.143126
3112	0.166753
3113	0.189423
3114	0.211201
3115	0.232145
3116	0.252312
3117	0.271752
3118	0.290515
3119	0.308645
3120	0.326184
3121	0.343172
3122	0.359645
3123	0.375639
3124	0.391185
3125	0.406315
3126	0.421057
3127	0.435438
3128	0.449486
3129	0.463223
3130	0.476675
3131	0.489863
3132	0.502809
3133	0.515535
3134	0.52806
3135	0.540404
3136	0.552587
3137	0.564627
3138	0.576543
3139	0.588353
3140	0.600077
3141	0.611731
3142	0.623335
3143	0.634907
3144	0.646466
3145	0.658032
3146	0.669624
3147	0.681262
3148	0.692969
3149	0.704765
3150	0.716674
3151	0.728719
3152	0.740925
3153	0.75332
3154	0.76593
3155	0.778784
3156	0.791914
3157	0.805351
3158	0.819129
3159	0.833283
3160	0.847848
3161	0.862861
3162	0.878356
3163	0.894367
3164	0.910923
3165	0.928045
3166	0.945742
3167	0.964004
3168	0.98279
3169	1.00202
3170	1.02153
3171	1.0411
3172	1.06033
3173	1.07867
3174	1.09531
3175	1.1091
3176	1.11852
3177	1.12163
3178	1.11615
3179	1.09962
3180	1.06977
3181	1.02486
3182	0.964096
3183	0.887823
3184	0.797838
3185	0.697686
3186	0.59271
3187	0.489421
3188	0.394244
3189	0.312265
3190	0.246536
3191	0.197995
3192	0.165798
3193	0.147866
3194	0.1415
3195	0.14393
3196	0.152668
3197	0.165675
3198	0.181386
3199	0.198651
3200	0.216659
3201	0.23485
3202	0.252855
3203	0.270434
3204	0.287442
3205	0.303797
3206	0.319458
3207	0.334417
3208	0.34868
3209	0.362269
3210	0.375211
3211	0.387536
3212	0.399278
3213	0.410471
3214	0.421147
3215	0.431338
3216	0.441074
3217	0.450384
3218	0.459295
3219	0.467831
3220	0.476017
3221	0.483874
3222	0.491422
3223	0.49868
3224	0.505665
3225	0.512393
3226	0.518879
3227	0.525137
3228	0.531181
3229	0.537021
3230	0.542668
3231	0.548134
3232	0.553428
3233	0.558558
3234	0.563533
3235	0.568361
3236	0.573048
3237	0.577602
3238	0.582029
3239	0.586335
3240	0.590525
3241	0.594605
3242	0.59858
3243	0.602454
3244	0.606231
3245	0.609915
3246	0.613511
3247	0.617022
3248	0.620451
3249	0.623802
3250	0.627078
3251	0.630281
3252	0.633414
3253	0.63648
3254	0.639482
3255	0.642421
3256	0.6453
3257	0.648121
3258	0.650886
3259	0.653596
3260	0.656255
3261	0.658862
3262	0.661421
3263	0.663933
3264	0.666398
3265	0.668819
3266	0.671197
3267	0.673533
3268	0.675829
3269	0.678085
3270	0.680304
3271	0.682485
3272	0.68463
3273	0.68674
3274	0.688816
3275	0.690859
3276	0.69287
3277	0.694849
3278	0.696798
3279	0.698718
3280	0.700608
3281	0.70247
3282	0.704305
3283	0.706113
3284	0.707895
3285	0.709651
3286	0.711382
3287	0.71309
3288	0.714773
3289	0.716433
3290	0.718071
3291	0.719687
3292	0.721281
3293	0.722854
3294	0.724406
3295	0.725938
3296	0.727451
3297	0.728944
3298	0.730418
3299	0.731874
3300	0.733312
-50	2.1149e-14
-49	5.55774e-14
-48	1.43801e-13
-47	3.66336e-13
-46	9.18876e-13
-45	2.26931e-12
-44	5.51813e-12
-43	1.32116e-11
-42	3.11447e-11
-41	7.22907e-11
-40	1.65217e-10
-39	3.71792e-10
-38	8.23809e-10
-37	1.79736e-09
-36	3.86128e-09
-35	8.16804e-09
-34	1.70138e-08
-33	3.4897e-08
-32	7.04826e-08
-31	1.40181e-07
-30	2.7455e-07
-29	5.29519e-07
-28	1.00573e-06
-27	1.88117e-06
-26	3.46526e-06
-25	6.28656e-06
-24	1.12325e-05
-23	1.97667e-05
-22	3.42618e-05
-21	5.84947e-05
-20	9.83727e-05
-19	0.000162969
-18	0.000265971
-17	0.000427648
-16	0.000677472
-15	0.0010575
-14	0.00162665
-13	0.00246585
-12	0.0036842
-11	0.00542594
-10	0.00787796
-9	0.0112777
-8	0.0159204
-7	0.0221663
-6	0.0304447
-5	0.0412567
-4	0.0551742
-3	0.0728341
-2	0.0949291
-1	0.122193
0	0.15538
1	0.195246
2	0.242517
3	0.297864
4	0.361872
5	0.435018
6	0.517638
7	0.609905
8	0.711813
9	0.823157
10	0.943521
11	1.07227
12	1.20855
13	1.35129
14	1.4992
15	1.65079
16	1.8044
17	1.95826
18	2.11046
19	2.25909
20	2.40223
21	2.53805
22	2.66486
23	2.78114
24	2.88561
25	2.97723
26	3.05521
27	3.119
28	3.16828
29	3.2029
30	3.22285
31	3.22829
32	3.21949
33	3.19695
34	3.16142
35	3.1141
36	3.05678
37	2.99214
38	2.92403
39	2.85777
40	2.80059
41	2.76194
42	2.75387
43	2.79133
44	2.8924
45	3.07833
46	3.37352
47	3.80508
48	4.40223
49	5.19524
50	6.21406
51	7.4865
52	9.03609
53	10.8797
54	13.0248
55	15.4674
56	18.1895
57	21.1575
58	24.3217
59	27.6163
60	30.9611
61	34.2639
62	37.4247
63	40.3402
64	42.91
65	45.0417
66	46.6567
67	47.6955
68	48.1208
69	47.9201
70	47.1062
71	45.7163
72	43.8087
73	41.4594
74	38.7569
75	35.7965
76	32.6752
77	29.4867
78	26.3169
79	23.2407
80	20.32
81	17.6025
82	15.1219
83	12.8984
84	10.9408
85	9.24748
86	7.80934
87	6.61121
88	5.6339
89	4.85578
90	4.25402
91	3.8056
92	3.48798
93	3.27957
94	3.16003
95	3.11045
96	3.11352
97	3.15356
98	3.21667
99	3.29075
100	3.3656
101	3.43289
102	3.48619
103	3.52087
104	3.53392
105	3.52381
106	3.49018
107	3.43366
108	3.35554
109	3.25758
110	3.14184
111	3.01054
112	2.86602
113	2.71073
114	2.54724
115	2.37836
116	2.20708
117	2.03669
118	1.87072
119	1.71288
120	1.56693
121	1.43656
122	1.32519
123	1.23574
124	1.17044
125	1.13066
126	1.11675
127	1.12794
128	1.16232
129	1.21684
130	1.28748
131	1.36936
132	1.45705
133	1.54482
134	1.62697
135	1.69819
136	1.75385
137	1.79031
138	1.80512
139	1.79719
140	1.76682
141	1.71569
142	1.64676
143	1.56408
144	1.47254
145	1.37764
146	1.28519
147	1.20101
148	1.13067
149	1.07927
150	1.05116
151	1.04978
152	1.07744
153	1.1352
154	1.22274
155	1.33829
156	1.47859
157	1.63896
158	1.81341
159	1.99488
160	2.17553
161	2.34711
162	2.50145
163	2.63089
164	2.72878
165	2.7899
166	2.81076
167	2.78986
168	2.72772
169	2.62685
170	2.49149
171	2.32731
172	2.14095
173	1.93958
174	1.73043
175	1.52035
176	1.31543
177	1.12082
178	0.940461
179	0.777118
180	0.632374
181	0.506762
182	0.399926
183	0.310816
184	0.23789
185	0.179309
186	0.133102
187	0.0973037
188	0.0700547
189	0.0496723
190	0.0346868
191	0.0238558
192	0.0161589
193	0.01078
194	0.00708315
195	0.00458398
196	0.00292197
197	0.00183457
198	0.00113457
199	0.000691159
200	0.000414751
201	0.000245173
202	0.000142775
203	8.19101e-05
204	4.62969e-05
205	2.57818e-05
206	1.41463e-05
207	7.64828e-06
208	4.07475e-06
209	2.13935e-06
210	1.10696e-06
211	5.64526e-07
212	2.83772e-07
213	1.40611e-07
214	6.86866e-08
215	3.30797e-08
216	1.57082e-08
217	7.35534e-09
218	3.39651e-09
219	1.54687e-09
220	6.94878e-10
221	3.07917e-10
222	1.34607e-10
223	5.8056e-11
224	2.47063e-11
225	1.03748e-11
226	4.2993e-12
227	1.75826e-12
228	7.09675e-13
229	2.82718e-13
230	1.11182e-13
231	4.32066e-14
232	1.67152e-14
233	6.77895e-15
234	3.78972e-15
235	4.79984e-15
236	1.07989e-14
237	2.75844e-14
238	7.08969e-14
239	1.79945e-13
240	4.49847e-13
241	1.10726e-12
242	2.68332e-12
243	6.40221e-12
244	1.50391e-11
245	3.47816e-11
246	7.91976e-11
247	1.77545e-10
248	3.91871e-10
249	8.51553e-10
250	1.82187e-09
251	3.83758e-09
252	7.95856e-09
253	1.62498e-08
254	3.26662e-08
255	6.46528e-08
256	1.25983e-07
257	2.41699e-07
258	4.56536e-07
259	8.4901e-07
260	1.5545e-06
261	2.80223e-06
262	4.97345e-06
263	8.6906e-06
264	1.49514e-05
265	2.53252e-05
266	4.2234e-05
267	6.93447e-05
268	0.000112099
269	0.000178416
270	0.00027958
271	0.000431338
272	0.000655196
273	0.000979864
274	0.00144279
275	0.00209161
276	0.00298539
277	0.00419531
278	0.00580456
279	0.00790711
280	0.010605
281	0.0140037
282	0.0182064
283	0.0233048
284	0.0293706
285	0.0364439
286	0.0445227
287	0.0535529
288	0.0634205
289	0.0739473
290	0.0848908
291	0.0959501
292	0.106777
293	0.116992
294	0.126206
295	0.134046
296	0.140176
297	0.144325
298	0.146304
299	0.146023
300	0.143495
301	0.138835
302	0.132255
303	0.124043
304	0.114547
305	0.104147
306	0.0932307
307	0.0821717
308	0.0713078
309	0.060926
310	0.0512531
311	0.0424512
312	0.0346188
313	0.0277963
314	0.0219742
315	0.0171039
316	0.0131077
317	0.00989044
318	0.0073478
319	0.00537469
320	0.00387083
321	0.00274479
322	0.00191633
323	0.00131731
324	0.000891576
325	0.000594136
326	0.000389825
327	0.000251832
328	0.00016018
329	0.000100314
330	6.1855e-05
331	3.75529e-05
332	2.24477e-05
333	1.32116e-05
334	7.65598e-06
335	4.36821e-06
336	2.45394e-06
337	1.35733e-06
338	7.39206e-07
339	3.96374e-07
340	2.09269e-07
341	1.08784e-07
342	5.56781e-08
343	2.80585e-08
344	1.39221e-08
345	6.80156e-09
346	3.27169e-09
347	1.54952e-09
348	7.22576e-10
349	3.31766e-10
350	1.49983e-10
351	6.67599e-11
352	2.92584e-11
353	1.26255e-11
354	5.36425e-12
355	2.24405e-12
356	9.24312e-13
357	3.7486e-13
358	1.49686e-13
359	5.88516e-14
360	2.27824e-14
361	8.68366e-15
362	3.2589e-15
363	1.20421e-15
364	4.38127e-16
365	1.5695e-16
366	5.53587e-17
367	1.92254e-17
368	6.57399e-18
369	2.21334e-18
370	7.33722e-19
371	2.39486e-19
372	7.6965e-20
373	2.4354e-20
374	7.58777e-21
375	2.32767e-21
376	7.03065e-22
377	2.0909e-22
378	6.12261e-23
379	1.76524e-23
380	5.01116e-24
381	1.40067e-24
382	3.85478e-25
383	1.04455e-25
384	2.7869e-26
385	7.32116e-27
386	1.89366e-27
387	4.82271e-28
388	1.20933e-28
389	2.98581e-29
390	7.25845e-30
391	1.73736e-30
392	4.09451e-31
393	9.50119e-32
394	2.17079e-32
395	4.8834e-33
396	1.08166e-33
397	2.35897e-34
398	5.06546e-35
399	1.07097e-35
400	2.22947e-36
401	4.56971e-37
402	9.22228e-38
403	1.83253e-38
404	3.58531e-39
405	6.90661e-40
406	1.30998e-40
407	2.44641e-41
408	4.49836e-42
409	8.14406e-43
410	1.45174e-43
411	2.548e-44
412	4.40322e-45
413	7.49209e-46
414	1.25515e-46
415	2.07038e-47
416	3.36251e-48
417	5.37697e-49
418	8.46586e-50
419	1.31239e-50
420	2.00316e-51
421	3.01043e-52
422	4.45449e-53
423	6.48972e-54
424	9.30921e-55
425	1.31479e-55
426	1.82835e-56
427	2.50333e-57
428	3.37469e-58
429	4.47926e-59
430	5.85376e-60
431	7.53217e-61
432	9.54246e-62
433	1.1903e-62
434	1.46187e-63
435	1.76772e-64
436	2.10462e-65
437	2.4671e-66
438	2.84745e-67
439	3.23576e-68
440	3.62036e-69
441	3.98821e-70
442	4.32572e-71
443	4.61944e-72
444	4.85705e-73
445	5.02814e-74
446	5.12499e-75
447	5.14316e-76
448	5.08179e-77
449	4.94372e-78
450	4.73522e-79
451	4.46556e-80
452	4.1463e-81
453	3.79048e-82
454	3.41173e-83
455	3.02346e-84
456	2.63804e-85
457	2.26624e-86
458	1.9168e-87
459	1.59623e-88
460	1.30876e-89
461	1.0565e-90
462	8.39699e-92
463	6.57089e-93
464	5.06255e-94
465	3.84024e-95
466	2.86809e-96
467	2.10897e-97
468	1.52683e-98
469	1.08832e-99
470	7.63768e-101
471	5.27729e-102
472	3.59006e-103
473	2.40456e-104
474	1.58566e-105
475	1.0295e-106
476	6.58085e-108
477	4.1417e-109
478	2.56635e-110
479	1.56564e-111
480	9.40392e-113
481	5.56114e-114
482	3.23786e-115
483	1.85606e-116
484	1.04752e-117
485	5.82065e-119
486	3.18433e-120
487	1.71515e-121
488	9.09543e-123
489	4.74877e-124
490	2.44104e-125
491	1.23539e-126
492	6.15562e-128
493	3.01977e-129
494	1.45851e-130
495	6.93557e-132
496	3.24705e-133
497	1.49668e-134
498	6.79212e-136
499	3.03469e-137
500	1.33493e-138
501	5.7814e-140
502	2.46514e-141
503	1.03487e-142
504	4.27719e-144
505	1.74047e-145
506	6.97276e-147
507	2.75027e-148
508	1.06802e-149
509	4.0833e-151
510	1.53701e-152
511	5.69601e-154
512	2.07825e-155
513	7.4654e-157
514	2.64022e-158
515	9.19297e-160
516	3.15139e-161
517	1.0636e-162
518	3.53412e-164
519	1.15615e-165
520	3.72373e-167
521	1.18078e-168
522	3.68628e-170
523	1.13301e-171
524	3.42855e-173
525	1.02144e-174
526	2.99602e-176
527	8.65171e-178
528	2.45973e-179
529	6.88492e-181
530	1.89731e-182
531	5.14758e-184
532	1.37497e-185
533	3.61587e-187
534	9.36173e-189
535	2.38631e-190
536	5.98854e-192
537	1.47959e-193
538	3.59905e-195
539	8.61905e-197
540	2.03215e-198
541	4.71712e-200
542	1.07801e-201
543	2.42545e-203
544	5.37263e-205
545	1.17167e-206
546	2.51564e-208
547	5.31758e-210
548	1.10664e-211
549	2.26735e-213
550	4.57357e-215
551	9.08272e-217
552	1.77582e-218
553	3.41827e-220
554	6.47792e-222
555	1.20861e-223
556	2.22005e-225
557	4.01476e-227
558	7.14791e-229
559	1.25291e-230
560	2.16214e-232
561	3.67342e-234
562	6.14437e-236
563	1.01183e-237
564	1.64043e-239
565	2.61836e-241
566	4.11456e-243
567	6.36559e-245
568	9.69559e-247
569	1.45389e-248
570	2.14639e-250
571	3.11967e-252
572	4.46403e-254
573	6.2888e-256
574	8.72224e-258
575	1.19099e-259
576	1.60107e-261
577	2.119e-263
578	2.76104e-265
579	3.54189e-267
580	4.47318e-269
581	5.56182e-271
582	6.80829e-273
583	8.20501e-275
584	9.73507e-277
585	1.13715e-278
586	1.30773e-280
587	1.48059e-282
588	1.65034e-284
589	1.81105e-286
590	1.95662e-288
591	2.08114e-290
592	2.17929e-292
593	2.24671e-294
594	2.28033e-296
595	2.27861e-298
596	2.333e-300
597	9.46455e-300
598	9.60318e-298
599	9.61493e-296
600	9.47756e-294
601	9.19743e-292
602	8.78731e-290
603	8.26542e-288
604	7.65409e-286
605	6.97817e-284
606	6.26339e-282
607	5.53473e-280
608	4.81509e-278
609	4.12412e-276
610	3.47759e-274
611	2.88699e-272
612	2.35957e-270
613	1.89863e-268
614	1.50407e-266
615	1.17305e-264
616	9.00712e-263
617	6.80887e-261
618	5.0674e-259
619	3.71292e-257
620	2.67835e-255
621	1.90212e-253
622	1.32994e-251
623	9.15474e-250
624	6.20413e-248
625	4.1394e-246
626	2.71904e-244
627	1.75839e-242
628	1.11953e-240
629	7.0174e-239
630	4.33052e-237
631	2.63102e-235
632	1.57374e-233
633	9.26746e-232
634	5.37294e-230
635	3.06679e-228
636	1.72337e-226
637	9.53448e-225
638	5.19322e-223
639	2.78483e-221
640	1.47022e-219
641	7.64172e-218
642	3.9104e-216
643	1.97004e-214
644	9.77126e-213
645	4.77144e-211
646	2.29388e-209
647	1.08572e-207
648	5.05925e-206
649	2.32102e-204
650	1.04832e-202
651	4.66159e-201
652	2.04078e-199
653	8.79599e-198
654	3.73247e-196
655	1.55931e-194
656	6.41344e-193
657	2.59702e-191
658	1.03534e-189
659	4.06366e-188
660	1.57027e-186
661	5.97389e-185
662	2.23751e-183
663	8.25083e-182
664	2.99541e-180
665	1.07063e-178
666	3.76745e-177
667	1.30521e-175
668	4.45186e-174
669	1.49495e-172
670	4.9424e-171
671	1.6087e-169
672	5.15512e-168
673	1.62641e-166
674	5.05179e-165
675	1.54486e-163
676	4.65112e-162
677	1.37865e-160
678	4.02324e-159
679	1.15592e-157
680	3.26967e-156
681	9.1056e-155
682	2.49655e-153
683	6.73907e-152
684	1.79097e-150
685	4.686e-149
686	1.20711e-147
687	3.06137e-146
688	7.64392e-145
689	1.87907e-143
690	4.54778e-142
691	1.08364e-140
692	2.54213e-139
693	5.87139e-138
694	1.3351e-136
695	2.98891e-135
696	6.58784e-134
697	1.42956e-132
698	3.05416e-131
699	6.42407e-130
700	1.33033e-128
701	2.7123e-127
702	5.44435e-126
703	1.07593e-124
704	2.09341e-123
705	4.01009e-122
706	7.56284e-121
707	1.40426e-119
708	2.56708e-118
709	4.62022e-117
710	8.18686e-116
711	1.42825e-114
712	2.45313e-113
713	4.1483e-112
714	6.9064e-111
715	1.13205e-109
716	1.82688e-108
717	2.9026e-107
718	4.54043e-106
719	6.9926e-105
720	1.06026e-103
721	1.58278e-102
722	2.32628e-101
723	3.36616e-100
724	4.79558e-99
725	6.72637e-98
726	9.28868e-97
727	1.26288e-95
728	1.69045e-94
729	2.2278e-93
730	2.89057e-92
731	3.69255e-91
732	4.64411e-90
733	5.7506e-89
734	7.01065e-88
735	8.41468e-87
736	9.9438e-86
737	1.15692e-84
738	1.32521e-83
739	1.49453e-82
740	1.65943e-81
741	1.81405e-80
742	1.95242e-79
743	2.06888e-78
744	2.1584e-77
745	2.21699e-76
746	2.24198e-75
747	2.23221e-74
748	2.18814e-73
749	2.11179e-72
750	2.00661e-71
751	1.87721e-70
752	1.72901e-69
753	1.56791e-68
754	1.39984e-67
755	1.23048e-66
756	1.0649e-65
757	9.07354e-65
758	7.61173e-64
759	6.28676e-63
760	5.1122e-62
761	4.09285e-61
762	3.22613e-60
763	2.50366e-59
764	1.91296e-58
765	1.43905e-57
766	1.06581e-56
767	7.77188e-56
768	5.57966e-55
769	3.94392e-54
770	2.74465e-53
771	1.88054e-52
772	1.26858e-51
773	8.42539e-51
774	5.50936e-50
775	3.54691e-49
776	2.24822e-48
777	1.40302e-47
778	8.62045e-47
779	5.21475e-46
780	3.10581e-45
781	1.82119e-44
782	1.05142e-43
783	5.97632e-43
784	3.3445e-42
785	1.84275e-41
786	9.99635e-41
787	5.33894e-40
788	2.80742e-39
789	1.45345e-38
790	7.40849e-38
791	3.71791e-37
792	1.83699e-36
793	8.93624e-36
794	4.27998e-35
795	2.01821e-34
796	9.36982e-34
797	4.28287e-33
798	1.92743e-32
799	8.54003e-32
800	3.72546e-31
801	1.60007e-30
802	6.7661e-30
803	2.81693e-29
804	1.15466e-28
805	4.65982e-28
806	1.8515e-27
807	7.243e-27
808	2.78966e-26
809	1.05785e-25
810	3.94943e-25
811	1.45172e-24
812	5.25379e-24
813	1.87197e-23
814	6.56699e-23
815	2.26815e-22
816	7.71285e-22
817	2.58224e-21
818	8.51174e-21
819	2.76235e-20
820	8.82626e-20
821	2.7766e-19
822	8.59981e-19
823	2.62242e-18
824	7.87326e-18
825	2.32726e-17
826	6.77288e-17
827	1.94062e-16
828	5.47452e-16
829	1.52051e-15
830	4.15786e-15
831	1.11941e-14
832	2.9672e-14
833	7.74357e-14
834	1.98964e-13
835	5.03321e-13
836	1.25358e-12
837	3.07396e-12
838	7.42133e-12
839	1.76402e-11
840	4.1282e-11
841	9.51166e-11
842	2.15769e-10
843	4.81902e-10
844	1.05966e-09
845	2.29409e-09
846	4.88981e-09
847	1.02615e-08
848	2.12015e-08
849	4.31279e-08
850	8.63749e-08
851	1.70316e-07
852	3.30642e-07
853	6.31973e-07
854	1.18926e-06
855	2.20339e-06
856	4.01924e-06
857	7.21828e-06
858	1.27633e-05
859	2.22192e-05
860	3.80833e-05
861	6.42657e-05
862	0.000106774
863	0.000174659
864	0.000281293
865	0.000446038
866	0.000696353
867	0.00107037
868	0.0016199
869	0.00241378
870	0.00354131
871	0.00511554
872	0.0072759
873	0.0101896
874	0.0140511
875	0.0190792
876	0.0255103
877	0.0335887
878	0.0435526
879	0.0556159
880	0.0699485
881	0.0866534
882	0.105746
883	0.127133
884	0.150604
885	0.175819
886	0.20232
887	0.229539
888	0.25683
889	0.283499
890	0.30885
891	0.332225
892	0.353051
893	0.370871
894	0.385369
895	0.396385
896	0.403906
897	0.408052
898	0.409042
899	0.407164
900	0.402728
901	0.396038
902	0.387359
903	0.376901
904	0.364816
905	0.351205
906	0.336134
907	0.319656
908	0.30184
909	0.282792
910	0.26267
911	0.241692
912	0.220136
913	0.198331
914	0.176635
915	0.155417
916	0.135031
917	0.115794
918	0.0979705
919	0.0817552
920	0.0672711
921	0.0545674
922	0.0436261
923	0.0343714
924	0.0266826
925	0.0204075
926	0.0153759
927	0.0114117
928	0.00834242
929	0.00600674
930	0.00425965
931	0.00297496
932	0.0020462
933	0.00138599
934	0.000924511
935	0.000607286
936	0.000392824
937	0.000250219
938	0.000156947
939	9.69383e-05
940	5.89577e-05
941	3.5309e-05
942	2.08223e-05
943	1.20911e-05
944	6.91341e-06
945	3.89234e-06
946	2.15784e-06
947	1.17795e-06
948	6.33259e-07
949	3.35415e-07
950	1.75372e-07
951	9.12211e-08
952	4.86686e-08
953	2.95149e-08
954	2.51864e-08
955	3.35149e-08
956	5.7811e-08
957	1.07905e-07
958	2.03378e-07
959	3.79784e-07
960	6.99304e-07
961	1.2682e-06
962	2.26454e-06
963	3.98119e-06
964	6.89095e-06
965	1.17429e-05
966	1.97017e-05
967	3.25434e-05
968	5.29239e-05
969	8.47367e-05
970	0.000133574
971	0.000207302
972	0.000316749
973	0.000476494
974	0.000705717
975	0.00102904
976	0.0014773
977	0.00208801
978	0.00290554
979	0.00398063
980	0.00536917
981	0.00713006
982	0.009322
983	0.0119993
984	0.0152066
985	0.0189731
986	0.0233064
987	0.0281866
988	0.0335613
989	0.0393429
990	0.045407
991	0.0515953
992	0.05772
993	0.0635731
994	0.0689365
995	0.0735962
996	0.0773555
997	0.0800491
998	0.0815551
999	0.0818042
1000	0.0807847
1001	0.0785439
1002	0.075184
1003	0.0708545
1004	0.0657413
1005	0.0600536
1006	0.0540093
1007	0.0478219
1008	0.0416883
1009	0.0357793
1010	0.0302327
1011	0.0251508
1012	0.0205994
1013	0.0166107
1014	0.013187
1015	0.0103071
1016	0.00793148
1017	0.00600898
1018	0.00448204
1019	0.00329139
1020	0.00237963
1021	0.00169383
1022	0.00118702
1023	0.000818981
1024	0.000556311
1025	0.00037204
1026	0.000244957
1027	0.000158788
1028	0.000101338
1029	6.36731e-05
1030	3.93883e-05
1031	2.39886e-05
1032	1.43837e-05
1033	8.49112e-06
1034	4.93499e-06
1035	2.8238e-06
1036	1.59078e-06
1037	8.82291e-07
1038	4.81772e-07
1039	2.58999e-07
1040	1.37082e-07
1041	7.14319e-08
1042	3.66462e-08
1043	1.85094e-08
1044	9.20416e-09
1045	4.50611e-09
1046	2.17193e-09
1047	1.03066e-09
1048	4.81517e-10
1049	2.2148e-10
1050	1.00296e-10
1051	4.47156e-11
1052	1.96273e-11
1053	8.48181e-12
1054	3.60863e-12
1055	1.51155e-12
1056	6.23342e-13
1057	2.5308e-13
1058	1.01161e-13
1059	3.98103e-14
1060	1.54242e-14
1061	5.88351e-15
1062	2.20951e-15
1063	8.16919e-16
1064	2.97364e-16
1065	1.06567e-16
1066	3.75994e-17
1067	1.30607e-17
1068	4.46658e-18
1069	1.50387e-18
1070	4.98503e-19
1071	1.62687e-19
1072	5.22709e-20
1073	1.65346e-20
1074	5.14932e-21
1075	1.57882e-21
1076	4.76583e-22
1077	1.41634e-22
1078	4.14404e-23
1079	1.19372e-23
1080	3.38537e-24
1081	9.4522e-25
1082	2.59827e-25
1083	7.03168e-26
1084	1.87352e-26
1085	4.91451e-27
1086	1.26919e-27
1087	3.22698e-28
1088	8.07775e-29
1089	1.99071e-29
1090	4.83e-30
1091	1.15375e-30
1092	2.7133e-31
1093	6.28215e-32
1094	1.432e-32
1095	3.21365e-33
1096	7.10032e-34
1097	1.54447e-34
1098	3.30754e-35
1099	6.97355e-36
1100	1.44752e-36
1101	2.95814e-37
1102	5.95161e-38
1103	1.17889e-38
1104	2.29898e-39
1105	4.41386e-40
1106	8.34305e-41
1107	1.55258e-41
1108	2.84449e-42
1109	5.13071e-43
1110	9.11113e-44
1111	1.5929e-44
1112	2.74175e-45
1113	4.64611e-46
1114	7.75128e-47
1115	1.27322e-47
1116	2.06353e-48
1117	3.58041e-49
1118	2.40554e-49
1119	1.17167e-48
1120	7.05032e-48
1121	4.20448e-47
1122	2.46936e-46
1123	1.42809e-45
1124	8.13256e-45
1125	4.56032e-44
1126	2.51803e-43
1127	1.36906e-42
1128	7.32964e-42
1129	3.86401e-41
1130	2.00581e-40
1131	1.02526e-39
1132	5.16033e-39
1133	2.55749e-38
1134	1.24809e-37
1135	5.99748e-37
1136	2.83784e-36
1137	1.32221e-35
1138	6.06603e-35
1139	2.74033e-34
1140	1.21897e-33
1141	5.3392e-33
1142	2.30277e-32
1143	9.77956e-32
1144	4.08958e-31
1145	1.68396e-30
1146	6.82773e-30
1147	2.72592e-29
1148	1.07163e-28
1149	4.14827e-28
1150	1.58119e-27
1151	5.93464e-27
1152	2.19331e-26
1153	7.98182e-26
1154	2.86022e-25
1155	1.00924e-24
1156	3.50663e-24
1157	1.19973e-23
1158	4.04186e-23
1159	1.34085e-22
1160	4.38012e-22
1161	1.40896e-21
1162	4.46295e-21
1163	1.39206e-20
1164	4.27574e-20
1165	1.29325e-19
1166	3.85192e-19
1167	1.12979e-18
1168	3.26326e-18
1169	9.28198e-18
1170	2.59999e-17
1171	7.17214e-17
1172	1.94841e-16
1173	5.21279e-16
1174	1.3735e-15
1175	3.56418e-15
1176	9.10911e-15
1177	2.29289e-14
1178	5.68452e-14
1179	1.38808e-13
1180	3.33858e-13
1181	7.90938e-13
1182	1.84574e-12
1183	4.24289e-12
1184	9.60788e-12
1185	2.14331e-11
1186	4.71029e-11
1187	1.01984e-10
1188	2.17551e-10
1189	4.57243e-10
1190	9.46918e-10
1191	1.93231e-09
1192	3.8856e-09
1193	7.69983e-09
1194	1.50372e-08
1195	2.89425e-08
1196	5.49051e-08
1197	1.02664e-07
1198	1.89226e-07
1199	3.43809e-07
1200	6.15818e-07
1201	1.08745e-06
1202	1.89326e-06
1203	3.24994e-06
1204	5.50077e-06
1205	9.18071e-06
1206	1.51095e-05
1207	2.45222e-05
1208	3.92482e-05
1209	6.19503e-05
1210	9.64362e-05
1211	0.000148053
1212	0.000224172
1213	0.000334762
1214	0.000493038
1215	0.000716166
1216	0.00102596
1217	0.00144953
1218	0.00201973
1219	0.00277535
1220	0.00376087
1221	0.00502561
1222	0.00662225
1223	0.00860436
1224	0.0110232
1225	0.0139238
1226	0.0173398
1227	0.0212884
1228	0.0257654
1229	0.0307396
1230	0.03615
1231	0.0419029
1232	0.0478719
1233	0.0539011
1234	0.0598099
1235	0.0654012
1236	0.0704717
1237	0.0748238
1238	0.0782783
1239	0.0806867
1240	0.0819413
1241	0.0819836
1242	0.0808088
1243	0.0784661
1244	0.0750555
1245	0.0707206
1246	0.0656386
1247	0.0600082
1248	0.0540365
1249	0.0479269
1250	0.0418674
1251	0.036022
1252	0.0305242
1253	0.0254741
1254	0.0209374
1255	0.0169477
1256	0.0135098
1257	0.0106057
1258	0.0081992
1259	0.00624223
1260	0.00467992
1261	0.00345513
1262	0.00251196
1263	0.00179836
1264	0.00126781
1265	0.000880119
1266	0.000601637
1267	0.000404977
1268	0.000268426
1269	0.000175193
1270	0.00011259
1271	7.12486e-05
1272	4.43957e-05
1273	2.72391e-05
1274	1.64561e-05
1275	9.78913e-06
1276	5.73378e-06
1277	3.30687e-06
1278	1.87788e-06
1279	1.05002e-06
1280	5.78091e-07
1281	3.13378e-07
1282	1.67267e-07
1283	8.79069e-08
1284	4.54886e-08
1285	2.31765e-08
1286	1.16268e-08
1287	5.74295e-09
1288	2.79302e-09
1289	1.33744e-09
1290	6.30573e-10
1291	2.92723e-10
1292	1.33794e-10
1293	6.02109e-11
1294	2.66791e-11
1295	1.16392e-11
1296	4.99953e-12
1297	2.11442e-12
1298	8.80454e-13
1299	3.60973e-13
1300	1.45712e-13
1301	5.79119e-14
1302	2.26616e-14
1303	8.73098e-15
1304	3.31196e-15
1305	1.23696e-15
1306	4.54856e-16
1307	1.64679e-16
1308	5.87019e-17
1309	2.06023e-17
1310	7.11995e-18
1311	2.42535e-18
1312	8.22256e-19
1313	3.02402e-19
1314	1.95591e-19
1315	3.61633e-19
1316	1.01825e-18
1317	3.0084e-18
1318	8.81271e-18
1319	2.54383e-17
1320	7.2309e-17
1321	2.02391e-16
1322	5.57807e-16
1323	1.5138e-15
1324	4.04527e-15
1325	1.06444e-14
1326	2.75794e-14
1327	7.03631e-14
1328	1.76766e-13
1329	4.37269e-13
1330	1.0651e-12
1331	2.55465e-12
1332	6.03343e-12
1333	1.40311e-11
1334	3.21304e-11
1335	7.24495e-11
1336	1.60861e-10
1337	3.51689e-10
1338	7.57119e-10
1339	1.60496e-09
1340	3.3501e-09
1341	6.88569e-09
1342	1.39358e-08
1343	2.77722e-08
1344	5.44982e-08
1345	1.05305e-07
1346	2.00359e-07
1347	3.75373e-07
1348	6.92485e-07
1349	1.25791e-06
1350	2.25e-06
1351	3.96283e-06
1352	6.8726e-06
1353	1.17362e-05
1354	1.97344e-05
1355	3.26747e-05
1356	5.32707e-05
1357	8.55174e-05
1358	0.000135179
1359	0.000210403
1360	0.000322464
1361	0.000486628
1362	0.000723102
1363	0.00105801
1364	0.00152427
1365	0.00216231
1366	0.00302036
1367	0.00415414
1368	0.00562583
1369	0.00750193
1370	0.00985008
1371	0.0127346
1372	0.0162111
1373	0.0203197
1374	0.0250783
1375	0.030476
1376	0.0364663
1377	0.0429637
1378	0.0498409
1379	0.0569303
1380	0.0640286
1381	0.070905
1382	0.0773126
1383	0.0830031
1384	0.0877421
1385	0.0913252
1386	0.0935925
1387	0.0944406
1388	0.0938302
1389	0.0917893
1390	0.088411
1391	0.0838464
1392	0.0782935
1393	0.0719829
1394	0.065162
1395	0.0580792
1396	0.0509691
1397	0.0440406
1398	0.0374679
1399	0.0313853
1400	0.0258854
1401	0.021021
1402	0.0168086
1403	0.013235
1404	0.0102636
1405	0.00784146
1406	0.00590666
1407	0.00439359
1408	0.00323817
1409	0.00238153
1410	0.0017727
1411	0.00137033
1412	0.00114363
1413	0.00107273
1414	0.00114861
1415	0.00137273
1416	0.00175636
1417	0.00231964
1418	0.00309039
1419	0.00410243
1420	0.00539343
1421	0.00700222
1422	0.0089655
1423	0.011314
1424	0.0140683
1425	0.0172346
1426	0.0208006
1427	0.0247322
1428	0.0289713
1429	0.0334353
1430	0.0380185
1431	0.0425959
1432	0.0470289
1433	0.0511739
1434	0.0548914
1435	0.058057
1436	0.0605725
1437	0.0623756
1438	0.0634488
1439	0.0638254
1440	0.063592
1441	0.0628884
1442	0.0619031
1443	0.0608653
1444	0.060034
1445	0.0596843
1446	0.0600921
1447	0.061517
1448	0.0641861
1449	0.0682773
1450	0.0739058
1451	0.0811112
1452	0.0898496
1453	0.0999891
1454	0.111309
1455	0.123508
1456	0.136211
1457	0.148987
1458	0.161368
1459	0.172874
1460	0.183037
1461	0.191426
1462	0.197672
1463	0.201493
1464	0.202703
1465	0.201229
1466	0.197108
1467	0.190488
1468	0.181617
1469	0.170822
1470	0.158492
1471	0.14505
1472	0.130936
1473	0.116574
1474	0.102357
1475	0.0886311
1476	0.0756789
1477	0.063717
1478	0.0528931
1479	0.0432889
1480	0.0349268
1481	0.0277789
1482	0.0217779
1483	0.016828
1484	0.0128155
1485	0.00961833
1486	0.00711373
1487	0.00518444
1488	0.00372296
1489	0.00263411
1490	0.00183618
1491	0.00126099
1492	0.000853103
1493	0.000568546
1494	0.000373239
1495	0.000241352
1496	0.000153725
1497	9.64451e-05
1498	5.96098e-05
1499	3.63167e-05
1500	2.18536e-05
1501	1.30777e-05
1502	7.95722e-06
1503	5.24827e-06
1504	4.28847e-06
1505	4.89147e-06
1506	7.34036e-06
1507	1.24894e-05
1508	2.20003e-05
1509	3.87593e-05
1510	6.75453e-05
1511	0.00011605
1512	0.000196381
1513	0.000327212
1514	0.000536783
1515	0.000866956
1516	0.00137854
1517	0.00215808
1518	0.00332612
1519	0.00504699
1520	0.00753963
1521	0.011089
1522	0.0160566
1523	0.0228897
1524	0.0321254
1525	0.0443895
1526	0.0603856
1527	0.0808742
1528	0.106637
1529	0.138429
1530	0.176917
1531	0.222605
1532	0.275754
1533	0.336303
1534	0.403795
1535	0.477326
1536	0.55551
1537	0.636491
1538	0.717988
1539	0.797387
1540	0.871866
1541	0.938561
1542	0.994748
1543	1.03803
1544	1.0665
1545	1.0789
1546	1.07473
1547	1.05424
1548	1.01849
1549	0.969203
1550	0.908682
1551	0.839634
1552	0.764977
1553	0.687661
1554	0.610479
1555	0.535922
1556	0.466059
1557	0.402467
1558	0.346196
1559	0.297783
1560	0.25729
1561	0.224379
1562	0.198386
1563	0.178422
1564	0.163461
1565	0.152423
1566	0.144251
1567	0.137972
1568	0.132737
1569	0.127853
1570	0.122796
1571	0.117213
1572	0.110909
1573	0.10383
1574	0.0960352
1575	0.0876704
1576	0.0789367
1577	0.0700635
1578	0.0612831
1579	0.0528105
1580	0.0448292
1581	0.0374812
1582	0.0308636
1583	0.0250287
1584	0.0199884
1585	0.0157201
1586	0.0121751
1587	0.00928589
1588	0.00697449
1589	0.00515873
1590	0.00375767
1591	0.00269554
1592	0.00190427
1593	0.00132488
1594	0.000907813
1595	0.000612627
1596	0.000407178
1597	0.000266546
1598	0.000171857
1599	0.000109139
1600	6.82694e-05
1601	4.20642e-05
1602	2.55302e-05
1603	1.52639e-05
1604	8.98991e-06
1605	5.21606e-06
1606	2.98154e-06
1607	1.67906e-06
1608	9.31608e-07
1609	5.09285e-07
1610	2.74325e-07
1611	1.45601e-07
1612	7.61509e-08
1613	3.9248e-08
1614	1.99347e-08
1615	9.97867e-09
1616	4.92291e-09
1617	2.39375e-09
1618	1.14726e-09
1619	5.41986e-10
1620	2.52393e-10
1621	1.15863e-10
1622	5.24337e-11
1623	2.33931e-11
1624	1.02895e-11
1625	4.46209e-12
1626	1.90782e-12
1627	8.04268e-13
1628	3.34301e-13
1629	1.37011e-13
1630	5.53684e-14
1631	2.20627e-14
1632	8.66859e-15
1633	3.3584e-15
1634	1.28294e-15
1635	4.83249e-16
1636	1.7948e-16
1637	6.57261e-17
1638	2.37315e-17
1639	8.44825e-18
1640	2.96519e-18
1641	1.02604e-18
1642	3.50021e-19
1643	1.17712e-19
1644	3.90237e-20
1645	1.27526e-20
1646	4.10784e-21
1647	1.30423e-21
1648	4.08132e-22
1649	1.25873e-22
1650	3.82588e-23
1651	1.14598e-23
1652	3.38259e-24
1653	9.8385e-25
1654	2.81966e-25
1655	7.96223e-26
1656	2.21525e-26
1657	6.07219e-27
1658	1.63977e-27
1659	4.36237e-28
1660	1.14326e-28
1661	2.95143e-29
1662	7.50544e-30
1663	1.88e-30
1664	4.63837e-31
1665	1.12716e-31
1666	2.69779e-32
1667	6.35943e-33
1668	1.47641e-33
1669	3.3757e-34
1670	7.60113e-35
1671	1.68555e-35
1672	3.68083e-36
1673	7.91556e-37
1674	1.67626e-37
1675	3.49558e-38
1676	7.17806e-39
1677	1.45144e-39
1678	2.88994e-40
1679	5.66595e-41
1680	1.09381e-41
1681	2.0792e-42
1682	3.89158e-43
1683	7.17184e-44
1684	1.30138e-44
1685	2.32512e-45
1686	4.09023e-46
1687	7.08451e-47
1688	1.20817e-47
1689	2.02862e-48
1690	3.3537e-49
1691	5.45877e-50
1692	8.74808e-51
1693	1.3803e-51
1694	2.14426e-52
1695	3.27961e-53
1696	4.93861e-54
1697	7.32191e-55
1698	1.06876e-55
1699	1.53592e-56
1700	2.17315e-57
1701	3.02722e-58
1702	4.15172e-59
1703	5.60585e-60
1704	7.45218e-61
1705	9.75332e-62
1706	1.25675e-62
1707	1.5943e-63
1708	1.99121e-64
1709	2.44844e-65
1710	2.96405e-66
1711	3.53268e-67
1712	4.1452e-68
1713	4.78861e-69
1714	5.44622e-70
1715	6.0982e-71
1716	6.72249e-72
1717	7.29589e-73
1718	7.79555e-74
1719	8.2004e-75
1720	8.49265e-76
1721	8.65905e-77
1722	8.69193e-78
1723	8.58976e-79
1724	8.35727e-80
1725	8.00508e-81
1726	7.54893e-82
1727	7.00846e-83
1728	6.40586e-84
1729	5.76435e-85
1730	5.1067e-86
1731	4.45397e-87
1732	3.82447e-88
1733	3.23305e-89
1734	2.69074e-90
1735	2.20468e-91
1736	1.77843e-92
1737	1.41236e-93
1738	1.10426e-94
1739	8.49983e-96
1740	6.44121e-97
1741	4.80552e-98
1742	3.52964e-99
1743	2.55232e-100
1744	1.81701e-101
1745	1.27349e-102
1746	8.78716e-104
1747	5.96922e-105
1748	3.99211e-106
1749	2.62848e-107
1750	1.70381e-108
1751	1.08731e-109
1752	6.83127e-111
1753	4.22537e-112
1754	2.57303e-113
1755	1.54255e-114
1756	9.10438e-116
1757	5.29025e-117
1758	3.02634e-118
1759	1.70441e-119
1760	9.45035e-121
1761	5.15865e-122
1762	2.7723e-123
1763	1.46676e-124
1764	7.64e-126
1765	3.91781e-127
1766	1.97792e-128
1767	9.8308e-130
1768	4.81044e-131
1769	2.31738e-132
1770	1.09906e-133
1771	5.13175e-135
1772	2.35897e-136
1773	1.06757e-137
1774	4.75646e-139
1775	2.08635e-140
1776	9.0096e-142
1777	3.83036e-143
1778	1.6032e-144
1779	6.60622e-146
1780	2.67999e-147
1781	1.07036e-148
1782	4.20861e-150
1783	1.62916e-151
1784	6.20876e-153
1785	2.32949e-154
1786	8.60464e-156
1787	3.1291e-157
1788	1.12027e-158
1789	3.94855e-160
1790	1.37016e-161
1791	4.68078e-163
1792	1.57428e-164
1793	5.21266e-166
1794	1.69923e-167
1795	5.45332e-169
1796	1.723e-170
1797	5.3595e-172
1798	1.64126e-173
1799	4.9482e-175
1800	1.4687e-176
1801	4.29173e-178
1802	1.23466e-179
1803	3.49686e-181
1804	9.75042e-183
1805	2.6766e-184
1806	7.23369e-186
1807	1.92465e-187
1808	5.04148e-189
1809	1.30011e-190
1810	3.30078e-192
1811	8.25027e-194
1812	2.03019e-195
1813	4.91834e-197
1814	1.17305e-198
1815	2.75441e-200
1816	6.36732e-202
1817	1.44911e-203
1818	3.24682e-205
1819	7.16197e-207
1820	1.55533e-208
1821	3.32526e-210
1822	6.99914e-212
1823	1.45037e-213
1824	2.95889e-215
1825	5.94284e-217
1826	1.1751e-218
1827	2.28754e-220
1828	4.3841e-222
1829	8.27191e-224
1830	1.53655e-225
1831	2.80998e-227
1832	5.05911e-229
1833	8.96728e-231
1834	1.56481e-232
1835	2.68831e-234
1836	4.54686e-236
1837	7.57109e-238
1838	1.24114e-239
1839	2.00308e-241
1840	3.18267e-243
1841	4.97851e-245
1842	7.66696e-247
1843	1.16242e-248
1844	1.73506e-250
1845	2.54967e-252
1846	3.68865e-254
1847	5.25372e-256
1848	7.36684e-258
1849	1.01698e-259
1850	1.38215e-261
1851	1.84934e-263
1852	2.43608e-265
1853	3.15923e-267
1854	4.03354e-269
1855	5.06999e-271
1856	6.27398e-273
1857	7.64353e-275
1858	9.1677e-277
1859	1.08253e-278
1860	1.25846e-280
1861	1.44029e-282
1862	1.62285e-284
1863	1.80019e-286
1864	1.96597e-288
1865	2.11373e-290
1866	2.23737e-292
1867	2.33152e-294
1868	2.39198e-296
1869	2.41597e-298
1870	2.40237e-300
1871	2.35181e-302
1872	2.26664e-304
1873	2.15068e-306
1874	2.00902e-308
1875	1.8476e-310
1876	1.67282e-312
1877	1.49109e-314
1878	1.3085e-316
1879	1.13046e-318
1880	9.61452e-321
1881	8.39912e-323
1882	0
1883	0
1884	0
1885	0
1886	0
1887	0
1888	0
1889	0
1890	0
1891	0
1892	0
1893	0
1894	0
1895	0
1896	0
1897	0
1898	0
1899	0
1900	0
1901	0
1902	0
1903	0
1904	0
1905	0
1906	0
1907	0
1908	0
1909	0
1910	0
1911	0
1912	0
1913	0
1914	0
1915	0
1916	0
1917	0
1918	0
1919	0
1920	0
1921	0
1922	0
1923	0
1924	0
1925	0
1926	0
1927	0
1928	0
1929	0
1930	0
1931	0
1932	0
1933	0
1934	0
1935	0
1936	0
1937	0
1938	0
1939	0
1940	0
1941	0
1942	0
1943	0
1944	0
1945	0
1946	0
1947	0
1948	0
1949	0
1950	0
1951	0
1952	0
1953	0
1954	0
1955	0
1956	0
1957	0
1958	0
1959	0
1960	0
1961	0
1962	0
1963	0
1964	0
1965	0
1966	0
1967	0
1968	0
1969	0
1970	0
1971	0
1972	0
1973	0
1974	0
1975	0
1976	0
1977	0
1978	0
1979	0
1980	0
1981	0
1982	0
1983	0
1984	0
1985	0
1986	0
1987	0
1988	0
1989	0
1990	0
1991	0
1992	0
1993	0
1994	0
1995	0
1996	0
1997	0
1998	0
1999	0
2000	0
2001	0
2002	0
2003	0
2004	0
2005	0
2006	0
2007	0
2008	0
2009	0
2010	0
2011	0
2012	0
2013	0
2014	0
2015	0
2016	0
2017	0
2018	0
2019	0
2020	0
2021	0
2022	0
2023	0
2024	0
2025	0
2026	0
2027	0
2028	0
2029	0
2030	0
2031	0
2032	0
2033	0
2034	0
2035	0
2036	0
2037	0
2038	0
2039	0
2040	0
2041	0
2042	0
2043	0
2044	0
2045	0
2046	0
2047	0
2048	0
2049	0
2050	0
2051	0
2052	0
2053	0
2054	0
2055	0
2056	0
2057	0
2058	0
2059	0
2060	0
2061	0
2062	0
2063	0
2064	0
2065	0
2066	0
2067	0
2068	0
2069	0
2070	0
2071	0
2072	0
2073	0
2074	0
2075	0
2076	0
2077	0
2078	0
2079	0
2080	0
2081	0
2082	0
2083	0
2084	0
2085	0
2086	0
2087	0
2088	0
2089	0
2090	0
2091	0
2092	0
2093	0
2094	0
2095	0
2096	0
2097	0
2098	0
2099	0
2100	0
2101	0
2102	0
2103	0
2104	0
2105	0
2106	0
2107	0
2108	0
2109	0
2110	0
2111	0
2112	0
2113	0
2114	0
2115	0
2116	0
2117	0
2118	0
2119	0
2120	0
2121	0
2122	0
2123	0
2124	0
2125	0
2126	0
2127	0
2128	0
2129	0
2130	0
2131	0
2132	0
2133	0
2134	0
2135	0
2136	0
2137	0
2138	0
2139	0
2140	0
2141	0
2142	0
2143	0
2144	0
2145	0
2146	0
2147	0
2148	0
2149	0
2150	0
2151	0
2152	0
2153	0
2154	0
2155	0
2156	0
2157	0
2158	0
2159	0
2160	0
2161	0
2162	0
2163	0
2164	0
2165	0
2166	0
2167	0
2168	0
2169	0
2170	0
2171	0
2172	0
2173	0
2174	0
2175	0
2176	0
2177	0
2178	0
2179	0
2180	0
2181	0
2182	0
2183	0
2184	0
2185	0
2186	0
2187	0
2188	0
2189	0
2190	0
2191	0
2192	0
2193	0
2194	0
2195	0
2196	0
2197	0
2198	0
2199	0
2200	0
2201	0
2202	0
2203	0
2204	0
2205	0
2206	0
2207	0
2208	0
2209	0
2210	0
2211	0
2212	0
2213	0
2214	0
2215	0
2216	0
2217	0
2218	0
2219	0
2220	0
2221	0
2222	0
2223	0
2224	0
2225	0
2226	0
2227	0
2228	0
2229	0
2230	0
2231	0
2232	0
2233	0
2234	0
2235	0
2236	0
2237	0
2238	0
2239	0
2240	0
2241	0
2242	0
2243	0
2244	0
2245	0
2246	0
2247	0
2248	0
2249	0
2250	0
2251	0
2252	0
2253	0
2254	0
2255	0
2256	0
2257	0
2258	0
2259	0
2260	0
2261	0
2262	0
2263	0
2264	0
2265	0
2266	0
2267	0
2268	0
2269	0
2270	0
2271	0
2272	0
2273	0
2274	0
2275	0
2276	0
2277	0
2278	0
2279	0
2280	0
2281	0
2282	0
2283	0
2284	0
2285	0
2286	0
2287	0
2288	0
2289	0
2290	0
2291	0
2292	0
2293	0
2294	0
2295	0
2296	0
2297	0
2298	0
2299	0
2300	0
2301	0
2302	0
2303	0
2304	0
2305	0
2306	0
2307	0
2308	0
2309	0
2310	0
2311	0
2312	0
2313	0
2314	0
2315	0
2316	0
2317	0
2318	0
2319	0
2320	0
2321	0
2322	0
2323	0
2324	0
2325	0
2326	0
2327	0
2328	0
2329	0
2330	0
2331	0
2332	0
2333	0
2334	0
2335	0
2336	0
2337	0
2338	0
2339	0
2340	0
2341	0
2342	0
2343	0
2344	0
2345	0
2346	0
2347	0
2348	0
2349	0
2350	0
2351	0
2352	0
2353	0
2354	0
2355	0
2356	0
2357	0
2358	0
2359	0
2360	0
2361	0
2362	0
2363	0
2364	0
2365	0
2366	0
2367	0
2368	0
2369	0
2370	0
2371	0
2372	0
2373	0
2374	0
2375	0
2376	0
2377	0
2378	0
2379	0
2380	0
2381	0
2382	0
2383	0
2384	0
2385	0
2386	0
2387	0
2388	0
2389	0
2390	0
2391	0
2392	0
2393	0
2394	0
2395	0
2396	0
2397	0
2398	0
2399	0
2400	0
2401	0
2402	0
2403	0
2404	0
2405	0
2406	0
2407	0
2408	0
2409	0
2410	0
2411	0
2412	0
2413	0
2414	0
2415	0
2416	0
2417	0
2418	0
2419	0
2420	0
2421	0
2422	0
2423	0
2424	0
2425	0
2426	0
2427	0
2428	0
2429	0
2430	0
2431	0
2432	0
2433	0
2434	0
2435	0
2436	0
2437	0
2438	0
2439	0
2440	0
2441	0
2442	0
2443	0
2444	0
2445	0
2446	0
2447	0
2448	0
2449	0
2450	0
2451	0
2452	0
2453	0
2454	0
2455	0
2456	0
2457	0
2458	0
2459	0
2460	0
2461	0
2462	0
2463	0
2464	0
2465	0
2466	0
2467	0
2468	0
2469	0
2470	0
2471	0
2472	0
2473	0
2474	0
2475	0
2476	0
2477	0
2478	0
2479	0
2480	0
2481	0
2482	0
2483	0
2484	0
2485	0
2486	0
2487	0
2488	0
2489	0
2490	0
2491	0
2492	0
2493	0
2494	0
2495	0
2496	0
2497	0
2498	0
2499	0
2500	0
2501	0
2502	0
2503	0
2504	0
2505	0
2506	0
2507	0
2508	0
2509	0
2510	0
2511	0
2512	0
2513	0
2514	0
2515	0
2516	0
2517	0
2518	0
2519	0
2520	0
2521	0
2522	0
2523	0
2524	0
2525	0
2526	0
2527	0
2528	0
2529	0
2530	0
2531	0
2532	0
2533	0
2534	0
2535	0
2536	0
2537	0
2538	0
2539	0
2540	0
2541	0
2542	0
2543	0
2544	0
2545	0
2546	0
2547	0
2548	0
2549	0
2550	0
2551	0
2552	0
2553	0
2554	0
2555	0
2556	0
2557	0
2558	0
2559	0
2560	0
2561	0
2562	0
2563	0
2564	0
2565	0
2566	0
2567	0
2568	0
2569	0
2570	0
2571	0
2572	0
2573	0
2574	0
2575	0
2576	0
2577	0
2578	0
2579	0
2580	0
2581	0
2582	0
2583	0
2584	0
2585	0
2586	0
2587	0
2588	0
2589	0
2590	0
2591	0
2592	0
2593	0
2594	0
2595	0
2596	0
2597	0
2598	0
2599	0
2600	0
2601	0
2602	0
2603	0
2604	0
2605	0
2606	0
2607	0
2608	0
2609	0
2610	0
2611	0
2612	0
2613	0
2614	0
2615	0
2616	0
2617	0
2618	0
2619	0
2620	0
2621	0
2622	0
2623	0
2624	0
2625	0
2626	0
2627	0
2628	0
2629	0
2630	0
2631	0
2632	0
2633	0
2634	0
2635	0
2636	0
2637	0
2638	0
2639	0
2640	0
2641	0
2642	0
2643	0
2644	0
2645	0
2646	0
2647	0
2648	0
2649	0
2650	0
2651	0
2652	0
2653	0
2654	2.12448e-322
2655	2.55975e-320
2656	3.02132e-318
2657	3.51108e-316
2658	4.01697e-314
2659	4.52453e-312
2660	5.01722e-310
2661	5.47733e-308
2662	5.88694e-306
2663	6.22912e-304
2664	6.48901e-302
2665	6.65497e-300
2666	6.71938e-298
2667	6.67926e-296
2668	6.53646e-294
2669	6.29756e-292
2670	5.97335e-290
2671	5.57801e-288
2672	5.12809e-286
2673	4.64139e-284
2674	4.13577e-282
2675	3.62811e-280
2676	3.13342e-278
2677	2.66425e-276
2678	2.23021e-274
2679	1.83794e-272
2680	1.49119e-270
2681	1.19111e-268
2682	9.36665e-267
2683	7.2516e-265
2684	5.52712e-263
2685	4.14743e-261
2686	3.06391e-259
2687	2.22837e-257
2688	1.59557e-255
2689	1.12476e-253
2690	7.80583e-252
2691	5.33328e-250
2692	3.58745e-248
2693	2.3757e-246
2694	1.54887e-244
2695	9.94154e-243
2696	6.28215e-241
2697	3.90821e-239
2698	2.39367e-237
2699	1.44333e-235
2700	8.5681e-234
2701	5.00747e-232
2702	2.88117e-230
2703	1.63205e-228
2704	9.10155e-227
2705	4.99704e-225
2706	2.70101e-223
2707	1.43733e-221
2708	7.53012e-220
2709	3.88386e-218
2710	1.97215e-216
2711	9.85903e-215
2712	4.85226e-213
2713	2.35109e-211
2714	1.12153e-209
2715	5.26706e-208
2716	2.43524e-206
2717	1.10849e-204
2718	4.9675e-203
2719	2.19159e-201
2720	9.51915e-200
2721	4.07054e-198
2722	1.71365e-196
2723	7.10247e-195
2724	2.89809e-193
2725	1.16421e-191
2726	4.60433e-190
2727	1.79274e-188
2728	6.87203e-187
2729	2.59339e-185
2730	9.63537e-184
2731	3.5244e-182
2732	1.26916e-180
2733	4.49952e-179
2734	1.57047e-177
2735	5.3965e-176
2736	1.82562e-174
2737	6.08028e-173
2738	1.99367e-171
2739	6.43578e-170
2740	2.04533e-168
2741	6.39946e-167
2742	1.97124e-165
2743	5.97794e-164
2744	1.78476e-162
2745	5.24596e-161
2746	1.51805e-159
2747	4.32479e-158
2748	1.21299e-156
2749	3.34942e-155
2750	9.10536e-154
2751	2.43692e-152
2752	6.42099e-151
2753	1.66563e-149
2754	4.25375e-148
2755	1.0695e-146
2756	2.64734e-145
2757	6.45138e-144
2758	1.54779e-142
2759	3.65585e-141
2760	8.50124e-140
2761	1.94622e-138
2762	4.3865e-137
2763	9.73333e-136
2764	2.12628e-134
2765	4.57297e-133
2766	9.68259e-132
2767	2.01837e-130
2768	4.14217e-129
2769	8.36897e-128
2770	1.66469e-126
2771	3.25994e-125
2772	6.28497e-124
2773	1.19293e-122
2774	2.22916e-121
2775	4.10097e-120
2776	7.42759e-119
2777	1.32442e-117
2778	2.32499e-116
2779	4.01822e-115
2780	6.83695e-114
2781	1.14527e-112
2782	1.88874e-111
2783	3.06656e-110
2784	4.90172e-109
2785	7.7137e-108
2786	1.19507e-106
2787	1.82281e-105
2788	2.7372e-104
2789	4.04659e-103
2790	5.88963e-102
2791	8.43927e-101
2792	1.19052e-99
2793	1.65344e-98
2794	2.26077e-97
2795	3.04328e-96
2796	4.03315e-95
2797	5.26216e-94
2798	6.75928e-93
2799	8.5478e-92
2800	1.06421e-90
2801	1.30441e-89
2802	1.57405e-88
2803	1.87001e-87
2804	2.18717e-86
2805	2.5185e-85
2806	2.85507e-84
2807	3.18646e-83
2808	3.50121e-82
2809	3.78744e-81
2810	4.03358e-80
2811	4.22915e-79
2812	4.36549e-78
2813	4.43639e-77
2814	4.43859e-76
2815	4.37197e-75
2816	4.23962e-74
2817	4.04756e-73
2818	3.80433e-72
2819	3.52031e-71
2820	3.20702e-70
2821	2.87633e-69
2822	2.53977e-68
2823	2.20784e-67
2824	1.88955e-66
2825	1.59208e-65
2826	1.32066e-64
2827	1.07854e-63
2828	8.67157e-63
2829	6.864e-62
2830	5.34902e-61
2831	4.10383e-60
2832	3.09972e-59
2833	2.30501e-58
2834	1.68749e-57
2835	1.21626e-56
2836	8.63041e-56
2837	6.02912e-55
2838	4.14662e-54
2839	2.80771e-53
2840	1.87166e-52
2841	1.22835e-51
2842	7.93659e-51
2843	5.04852e-50
2844	3.16164e-49
2845	1.9493e-48
2846	1.18321e-47
2847	7.07075e-47
2848	4.15993e-46
2849	2.40949e-45
2850	1.37398e-44
2851	7.71359e-44
2852	4.26334e-43
2853	2.31986e-42
2854	1.24277e-41
2855	6.55449e-41
2856	3.40334e-40
2857	1.73976e-39
2858	8.75573e-39
2859	4.33824e-38
2860	2.11618e-37
2861	1.01627e-36
2862	4.80493e-36
2863	2.23657e-35
2864	1.02493e-34
2865	4.62409e-34
2866	2.05389e-33
2867	8.98143e-33
2868	3.86663e-32
2869	1.63885e-31
2870	6.83852e-31
2871	2.80934e-30
2872	1.13623e-29
2873	4.52424e-29
2874	1.77355e-28
2875	6.84481e-28
2876	2.60074e-27
2877	9.72864e-27
2878	3.58282e-26
2879	1.29902e-25
2880	4.6369e-25
2881	1.62951e-24
2882	5.63775e-24
2883	1.92032e-23
2884	6.4396e-23
2885	2.126e-22
2886	6.91014e-22
2887	2.21121e-21
2888	6.96612e-21
2889	2.16058e-20
2890	6.59736e-20
2891	1.9833e-19
2892	5.86983e-19
2893	1.71034e-18
2894	4.90633e-18
2895	1.38564e-17
2896	3.85269e-17
2897	1.05462e-16
2898	2.84216e-16
2899	7.54082e-16
2900	1.96974e-15
2901	5.06544e-15
2902	1.28246e-14
2903	3.19663e-14
2904	7.84438e-14
2905	1.89515e-13
2906	4.50764e-13
2907	1.05554e-12
2908	2.43342e-12
2909	5.52305e-12
2910	1.23413e-11
2911	2.71495e-11
2912	5.88008e-11
2913	1.25379e-10
2914	2.63198e-10
2915	5.43954e-10
2916	1.10678e-09
2917	2.21706e-09
2918	4.37235e-09
2919	8.4893e-09
2920	1.62274e-08
2921	3.05382e-08
2922	5.65795e-08
2923	1.03203e-07
2924	1.85331e-07
2925	3.2766e-07
2926	5.70317e-07
2927	9.77305e-07
2928	1.64878e-06
2929	2.73852e-06
2930	4.47804e-06
2931	7.20908e-06
2932	1.14259e-05
2933	1.78289e-05
2934	2.73889e-05
2935	4.14234e-05
2936	6.16789e-05
2937	9.04164e-05
2938	0.00013049
2939	0.000185408
2940	0.000259357
2941	0.000357181
2942	0.000484282
2943	0.000646441
2944	0.00084953
2945	0.00109913
2946	0.00140003
2947	0.00175569
2948	0.00216759
2949	0.00263468
2950	0.00315281
2951	0.00371439
2952	0.00430821
2953	0.00491957
2954	0.00553066
2955	0.00612135
2956	0.00667018
2957	0.00715563
2958	0.00755751
2959	0.00785832
2960	0.00804453
2961	0.00810759
2962	0.00804458
2963	0.00785841
2964	0.00755765
2965	0.00715581
2966	0.00667039
2967	0.00612159
2968	0.00553091
2969	0.00491983
2970	0.00430848
2971	0.00371465
2972	0.00315306
2973	0.00263492
2974	0.00216782
2975	0.00175589
2976	0.00140021
2977	0.00109928
2978	0.000849663
2979	0.000646553
2980	0.000484375
2981	0.000357256
2982	0.000259417
2983	0.000185455
2984	0.000130526
2985	9.04437e-05
2986	6.16992e-05
2987	4.14384e-05
2988	2.74001e-05
2989	1.78376e-05
2990	1.1434e-05
2991	7.21874e-06
2992	4.49336e-06
2993	2.76699e-06
2994	1.70484e-06
2995	1.08887e-06
2996	7.90849e-07
2997	7.58285e-07
2998	1.01445e-06
2999	1.67642e-06
3000	2.99789e-06
3001	5.44891e-06
3002	9.85122e-06
3003	1.75986e-05
3004	3.10044e-05
3005	5.38376e-05
3006	9.21305e-05
3007	0.000155369
3008	0.000258212
3009	0.000422908
3010	0.000682625
3011	0.00108591
3012	0.00170252
3013	0.00263076
3014	0.00400652
3015	0.00601394
3016	0.00889731
3017	0.0129739
3018	0.0186465
3019	0.0264145
3020	0.036881
3021	0.0507551
3022	0.068845
3023	0.0920402
3024	0.121281
3025	0.157513
3026	0.201623
3027	0.254368
3028	0.316284
3029	0.387597
3030	0.468132
3031	0.557232
3032	0.653705
3033	0.755796
3034	0.861204
3035	0.967142
3036	1.07045
3037	1.16774
3038	1.25561
3039	1.33082
3040	1.39053
3041	1.43252
3042	1.45529
3043	1.45827
3044	1.44179
3045	1.40711
3046	1.35632
3047	1.29219
3048	1.21801
3049	1.13735
3050	1.05384
3051	0.970984
3052	0.891949
3053	0.819452
3054	0.755647
3055	0.70209
3056	0.659732
3057	0.628965
3058	0.609681
3059	0.601372
3060	0.603226
3061	0.614234
3062	0.633294
3063	0.6593
3064	0.691216
3065	0.728131
3066	0.769284
3067	0.814065
3068	0.861987
3069	0.912628
3070	0.965557
3071	1.02025
3072	1.07599
3073	1.13182
3074	1.18647
3075	1.23833
3076	1.28553
3077	1.326
3078	1.35757
3079	1.37815
3080	1.38589
3081	1.37937
3082	1.35771
3083	1.32069
3084	1.26882
3085	1.20331
3086	1.12599
3087	1.03922
3088	0.945724
3089	0.848369
3090	0.750021
3091	0.65336
3092	0.560732
3093	0.474055
3094	0.394755
3095	0.323754
3096	0.261494
3097	0.207991
3098	0.162907
3099	0.125641
3100	0.0954134
3101	0.0713443
3102	0.0525257
3103	0.0380751
3104	0.0271744
3105	0.0190951
3106	0.0132107
3107	0.00899839
3108	0.00603445
3109	0.00398421
3110	0.00258986
3111	0.00165744
3112	0.0010443
3113	0.000647795
3114	0.000395616
3115	0.000237867
3116	0.000140804
3117	8.20576e-05
3118	4.70808e-05
3119	2.65943e-05
3120	1.47895e-05
3121	8.0973e-06
3122	4.36461e-06
3123	2.31617e-06
3124	1.21008e-06
3125	6.22413e-07
3126	3.15185e-07
3127	1.57142e-07
3128	7.71493e-08
3129	3.73297e-08
3130	1.78727e-08
3131	8.62568e-09
3132	4.53814e-09
3133	3.27536e-09
3134	4.05715e-09
3135	7.23576e-09
3136	1.4418e-08
3137	2.91564e-08
3138	5.84505e-08
3139	1.15577e-07
3140	2.2518e-07
3141	4.32193e-07
3142	8.17155e-07
3143	1.52202e-06
3144	2.79276e-06
3145	5.04849e-06
3146	8.99112e-06
3147	1.57763e-05
3148	2.7274e-05
3149	4.64579e-05
3150	7.79742e-05
3151	0.000128955
3152	0.000210151
3153	0.000337481
3154	0.000534078
3155	0.000832937
3156	0.00128022
3157	0.00193927
3158	0.00289523
3159	0.00426025
3160	0.00617882
3161	0.00883298
3162	0.0124466
3163	0.0172883
3164	0.0236709
3165	0.0319487
3166	0.0425083
3167	0.0557554
3168	0.072094
3169	0.0919002
3170	0.11549
3171	0.143083
3172	0.174764
3173	0.210444
3174	0.249831
3175	0.292403
3176	0.337397
3177	0.383819
3178	0.430461
3179	0.475951
3180	0.51881
3181	0.557532
3182	0.590664
3183	0.616902
3184	0.635173
3185	0.644707
3186	0.64509
3187	0.636298
3188	0.618692
3189	0.593003
3190	0.560272
3191	0.521788
3192	0.478999
3193	0.433424
3194	0.386563
3195	0.339821
3196	0.294439
3197	0.251446
3198	0.211638
3199	0.175563
3200	0.143534
3201	0.115652
3202	0.0918367
3203	0.0718686
3204	0.0554261
3205	0.0421243
3206	0.0315491
3207	0.0232846
3208	0.0169345
3209	0.0121364
3210	0.00857057
3211	0.00596387
3212	0.00408918
3213	0.00276265
3214	0.00183904
3215	0.00120621
3216	0.000779492
3217	0.00049631
3218	0.000311341
3219	0.000192423
3220	0.000117167
3221	7.02865e-05
3222	4.15386e-05
3223	2.41845e-05
3224	1.38713e-05
3225	7.83772e-06
3226	4.36257e-06
3227	2.39204e-06
3228	1.292e-06
3229	6.8741e-07
3230	3.60264e-07
3231	1.85982e-07
3232	9.45709e-08
3233	4.73669e-08
3234	2.33677e-08
3235	1.13546e-08
3236	5.43424e-09
3237	2.56159e-09
3238	1.18926e-09
3239	5.4379e-10
3240	2.4489e-10
3241	1.08615e-10
3242	4.74437e-11
3243	2.04096e-11
3244	8.64668e-12
3245	3.60761e-12
3246	1.48231e-12
3247	5.99793e-13
3248	2.39003e-13
3249	9.37862e-14
3250	3.62413e-14
3251	1.37909e-14
3252	5.16775e-15
3253	1.90689e-15
3254	6.92887e-16
3255	2.47917e-16
3256	8.73478e-17
3257	3.03039e-17
3258	1.03524e-17
3259	3.48237e-18
3260	1.15345e-18
3261	3.7619e-19
3262	1.20809e-19
3263	3.82006e-20
3264	1.18937e-20
3265	3.64619e-21
3266	1.10061e-21
3267	3.2711e-22
3268	9.57242e-23
3269	2.75812e-23
3270	7.82468e-24
3271	2.18564e-24
3272	6.01103e-25
3273	1.6277e-25
3274	4.33964e-26
3275	1.13916e-26
3276	2.94418e-27
3277	7.49191e-28
3278	1.87701e-28
3279	4.63007e-29
3280	1.12448e-29
3281	2.6888e-30
3282	6.33002e-31
3283	1.46721e-31
3284	3.34824e-32
3285	7.5228e-33
3286	1.6641e-33
3287	3.6242e-34
3288	7.77107e-35
3289	1.64052e-35
3290	3.4097e-36
3291	6.9772e-37
3292	1.40565e-37
3293	2.78806e-38
3294	5.44449e-39
3295	1.04674e-39
3296	1.9813e-40
3297	3.69223e-41
3298	6.77411e-42
3299	1.22361e-42
3300	2.17599e-43
