70
58
65
65
58
69
57
65
64
57
68
56
63
62
55
65
53
60
58
52
62
49
57
54
47
58
45
52
49
43
52
39
47
44
37
47
33
41
37
31
40
26
34
30
24
33
19
27
23
17
25
12
20
15
9
17
4
12
7
1
9
253
4
255
250
1
245
253
247
242
250
237
245
239
235
242
229
238
231
227
235
221
230
224
220
228
214
224
217
214
221
208
218
211
208
215
202
212
205
203
210
197
207
201
198
206
193
204
197
195
202
190
201
194
193
200
188
199
192
191
198
186
198
191
191
198
186
198
191
191
198
187
199
192
193
200
189
201
194
195
202
191
204
197
198
205
195
208
200
203
210
200
213
205
208
215
205
218
211
214
221
211
224
217
221
227
218
231
224
228
234
225
239
231
235
241
233
246
238
243
249
241
254
246
251
0
249
5
254
3
8
0
13
5
11
16
8
21
13
19
23
15
29
20
26
31
23
36
27
34
38
30
43
34
40
44
36
50
40
47
49
42
55
45
52
54
47
60
50
56
59
51
64
53
60
62
54
67
56
63
64
57
69
58
65
65
58
70
58
65
65
58
70
58
65
65
58
69
57
64
63
56
67
54
62
60
53
64
51
59
56
50
60
47
54
52
45
55
42
49
47
40
50
36
44
40
34
43
30
38
34
27
36
23
31
26
20
29
15
23
19
13
21
8
16
11
5
13
0
8
3
254
5
249
0
251
246
254
241
249
243
238
246
233
241
235
231
239
225
234
228
224
231
218
227
221
217
224
211
221
214
211
218
205
215
208
205
213
200
210
203
200
208
195
205
198
197
204
191
202
195
194
201
189
200
193
192
199
187
198
191
191
198
186
198
191
191
198
186
198
191
192
199
188
200
193
194
201
190
202
195
197
204
193
206
198
201
207
197
210
203
205
212
202
215
208
211
218
208
221
214
217
224
214
228
220
224
230
221
235
227
231
238
229
242
235
239
245
237
250
242
247
253
245
1
250
255
4
253
9
1
7
12
4
17
9
15
20
12
25
17
23
27
19
33
24
30
34
26
40
31
37
41
33
47
37
44
47
39
52
43
49
52
45
58
47
54
57
49
62
52
58
60
53
65
55
62
63
56
68
57
64
65
57
69
58
65
65
58
70
