2       
18      
47      
61      
63      
63      
62      
63      
62      
62      
62      
61      
62      
60      
60      
60      
59      
59      
57      
57      
57      
56      
56      
54      
54      
53      
51      
51      
50      
49      
48      
46      
46      
44      
44      
42      
41      
40      
38      
37      
36      
34      
34      
31      
30      
29      
27      
27      
24      
23      
22      
20      
19      
17      
16      
14      
12      
11      
9       
8       
