0.5578274933783898
0.39851598979957525
0.762760731610101
0.5663778744898589
0.5262625673760434
0.08570926580555283
0.5236550937931976
0.6850866034173652
0.40819826742150156
0.4509530037787225
0.16036003855718606
0.0842488078577418
0.9229433332232885
0.7858367698077621
0.3373753478213213
0.4973829167109878
0.038383595766816825
0.12080913790536363
0.6632473433343782
0.9509259741710134
0.8307189832852864
0.6694807422612842
0.24248201497298827
0.07007902316169345
0.04771994339817165
0.28102488237947465
0.43639440485840497
0.8591189980012018
0.44210213143941424
0.2933789827162484
0.2409595970496693
0.9521981453107724
0.16990143460064544
0.15932775674207367
0.7048014620147025
0.8514732945853362
0.03729388229603814
0.22756980054570197
0.5881754724459642
0.7201524365475156
0.26055029393961304
0.25279311934869053
0.03323504720470771
0.9746040296664025
0.7986658169121343
0.5782292594118966
0.539466510159694
0.6116890379425575
0.07913929682235443
0.6807970854766908
0.37715679522974543
0.3406939020896017
0.1338415030219111
0.06950756215128628
0.1854359731466605
0.7490615600104334
0.20108583439924677
0.8156072951294369
0.31187212811246434
0.8018634370186604
0.3921851118034344
0.4610364135020355
0.7770189743262178
0.3667116890776422
0.9246158489210177
0.6701910600590075
0.5156832531910225
0.07536990868745319
0.9772126787299038
0.2718135253015451
0.042726462480004446
0.8939603751547754
0.727491970710584
0.5268101515906741
0.4092389095342561
0.8982120983341946
0.049864848564430964
0.5498610301340422
0.29670373001512396
0.48770805027788244
0.37756172606337546
0.085740076226267
0.5310176365755582
0.6904484444772694
0.04492190439094357
0.7562833618839191
0.8008598593889493
0.3504526773474045
0.46642907675255996
0.2976362058657295
0.5131006839253562
0.9229885243366347
0.3460459962111988
0.058161810516664914
0.41847968078204556
0.5761530459123047
0.4676371131092184
0.4360339242836595
0.5768500456746436
0.34200456520145595
0.6306564465793768
0.4498692613117543
0.6963810697362698
0.8774527588013596
0.7057229704504699
0.5265894479115718
0.6581350146947739
0.4875131238525433
0.7675389530309216
0.6234524396640165
0.8292539536019194
0.1842654345772169
0.7531500161953385
0.6103621799816313
0.6267095527560486
0.512813395574916
0.8754054302420035
0.15878959580621899
0.35621726091320705
0.39203810899264424
0.015626587628925326
0.48703336292983923
0.0334434523065501
0.06860153420029547
0.6214872844131841
0.31940028682029376
0.515907952157996
0.40159700724856573
0.25057550987750576
0.12361569650597393
0.14364102140621549
0.35141214845506596
0.23022956913797965
0.7181585519891067
0.9013871094802097
0.15489429343836525
0.5201097599046929
0.8163142756387647
0.17488609777168418
0.15235993684391225
0.2520478257548002
0.2478221198651559
0.2950828096826079
0.3085850027049689
0.14902486898022904
0.17740862405314284
0.8031149275747904
0.2050245115372582
0.7186463649810999
0.3848822093758688
0.18485376754788096
0.7164164482868658
0.08684824688408688
0.3856674411949328
0.7673008024837691
0.1954880284478957
0.9433486077531925
0.2186890275710559
0.4068429797185733
0.26649547989418676
0.07755859376031571
0.7118022796496382
0.29166790398608233
0.3594294015190942
0.11981621006883802
0.42381179617765863
0.7095997163282327
0.5815375776498437
0.6308003133138671
0.631556096952959
0.951088873514342
0.060678480871146245
0.7929123008107493
0.7117859249528232
0.9676503809140325
0.7546352744440046
0.4880407045108802
0.5492535674369771
0.9529708703904567
0.9677245788303739
0.012940732284353551
0.5679354779579183
0.18134314288940911
0.8016195629098072
0.183356089577017
0.09447690448614388
0.9426514408920196
0.24811384455815932
0.39678549795483553
0.061488025090988385
0.43137662640870833
0.0559760120245647
0.12189372695881417
0.016707267725534436
0.6285831062509283
0.1468172310833108
0.19100062913568006
0.3614195925755943
0.39406596487601175
0.5516896673630893
0.9751316023584803
0.48899622893343075
0.6556683259944236
0.9529151947042592
0.9530914465223206
0.9586274547977367
0.674471719414361
0.38139341730889664
0.5069609139750479
0.9295526183348459
0.8785783285659646
0.3931855043874246
0.3320985672540452
0.8112147231156681
0.09983511836711267
0.6247826315273171
0.6700256995336284
0.6733826560619364
0.8544756973606787
0.4238018674785008
0.5464368853262408
0.02505411533821278
0.9150866812632618
0.6409490815086325
0.9841581650770213
0.0861083226326671
0.5999710204529614
0.7011059725370304
0.2580487103675613
0.12196799317845486
0.45382531364455847
0.8205194474408589
0.765225701330059
0.16220491740809695
0.4561934791856953
0.7432511330824271
0.9460582963385101
0.8027166593708032
0.5096056287223445
0.32930380459580255
0.9502216531592408
0.8096436923998843
0.21643078316753173
0.13993555875681407
0.1688367000374933
0.289404878403014
0.6995368737547942
0.44773262680208104
0.09705120459807748
0.07863504548982903
0.7331602026278943
0.5910191308206543
0.48733540231015593
0.962235889547502
0.3618574723901483
0.5611409163107719
0.6468866157043986
0.38330594325320333
0.7405666143043345
0.29761672211371304
0.5479039608633124
0.09719351658264452
0.7599564404945601
0.7192697378708381
0.1937391972345195
0.5833263261335175
0.20503022764149936
0.06458095090232807
0.26852426762375037
0.35432239316315206
0.40293869552571804
0.24729995796903825
0.2933985069920685
0.4401174723491751
0.00645872007438375
0.2963601298714035
0.27069698984692236
0.0906985937840794
0.4672538054001505
0.08734111932151267
0.6663241133038974
0.8787516377081713
0.179999338522577
0.8225999484546197
0.2419045856638139
0.899298192044362
0.45274426281675506
0.6812794386497317
0.42698904955471484
0.9502469524508644
0.17122115851958686
0.23644938365763402
0.19835221560998795
0.6376739986616013
0.5053728001418618
0.48481269492413437
0.3103600552123891
0.8516890215672945
0.7939306244005768
0.09488106733090151
0.9146124538193329
0.2893098713103873
0.7447272482133315
0.7207553450417626
0.5837163755994509
0.32210533112431816
0.9742611670987465
0.17677495207125005
0.7980467743219098
0.6034044452689555
0.3270897768149619
0.6610690621770423
0.6965469019241256
0.6445162165421597
0.13444309949154887
0.9313756914128719
0.5168170194927264
0.35318528074052247
0.8927571964491681
0.979092062881365
0.6253788463200517
0.4934557168557946
0.05663847674908784
0.547446920512197
0.8501964461976416
0.8797497697244735
0.9295224254026089
0.9826153665913598
0.28966092682761313
0.5428422658566044
0.020380616276157504
0.3153304121120878
0.3999513080538427
0.9200213936511802
0.04990767300641752
0.39129906248714397
0.9564151504750628
0.12267609261855072
0.6961276377317684
0.3842408988067815
0.12601826880656863
0.28389435690436693
0.34855049145059014
0.5993313750805346
0.9307527345167076
